File Name,Net Site EUI (kWh/m2),Net Site Energy (kWh),Net Source EUI (kWh/m2),Net Source Energy (kWh)
CZ07/Asm&0&cDXGF&New&dxAC_equip/NE-dxAC-PkgAC-18to33-New-SEER-13.4/instance-out.sql,87.95,555654.27,270.13,1706682.33
CZ07/Asm&0&cDXGF&New&dxAC_equip/NE-dxAC-PkgAC-18to33-New-SEER-15.2/instance-out.sql,86.97,549503.96,266.88,1686140.30
CZ07/Asm&0&cDXGF&New&dxAC_equip/NE-dxAC-PkgAC-18to33-New-SEER-16.2/instance-out.sql,86.58,547020.03,265.56,1677843.96
CZ07/Asm&0&cDXGF&New&dxAC_equip/NE-dxAC-PkgAC-18to33-New-SEER-17.1/instance-out.sql,86.27,545034.20,264.51,1671211.30
CZ07/Asm&0&cDXGF&New&dxAC_equip/NE-dxAC-PkgAC-18to33-New-SEER-18.1/instance-out.sql,85.97,543146.33,263.52,1664905.80
CZ07/Asm&0&cDXGF&New&dxAC_equip/NE-dxAC-PkgAC-33to65-New-SEER-13.4/instance-out.sql,86.06,543724.86,263.82,1666826.51
CZ07/Asm&0&cDXGF&New&dxAC_equip/NE-dxAC-PkgAC-33to65-New-SEER-15.2/instance-out.sql,85.22,538416.64,261.01,1649097.06
CZ07/Asm&0&cDXGF&New&dxAC_equip/NE-dxAC-PkgAC-33to65-New-SEER-16.2/instance-out.sql,84.88,536272.81,259.88,1641936.65
CZ07/Asm&0&cDXGF&New&dxAC_equip/NE-dxAC-PkgAC-33to65-New-SEER-17.1/instance-out.sql,84.61,534558.87,258.98,1636212.12
CZ07/Asm&0&cDXGF&New&dxAC_equip/NE-dxAC-PkgAC-33to65-New-SEER-18.1/instance-out.sql,84.35,532929.49,258.11,1630769.96
CZ07/ECC&0&cDXGF&New&dxAC_equip/NE-dxAC-PkgAC-18to33-New-SEER-13.4/instance-out.sql,89.03,2350724.15,254.20,6711362.42
CZ07/ECC&0&cDXGF&New&dxAC_equip/NE-dxAC-PkgAC-18to33-New-SEER-15.2/instance-out.sql,88.42,2334590.62,252.15,6657476.45
CZ07/ECC&0&cDXGF&New&dxAC_equip/NE-dxAC-PkgAC-18to33-New-SEER-16.2/instance-out.sql,88.18,2328074.76,251.33,6635713.46
CZ07/ECC&0&cDXGF&New&dxAC_equip/NE-dxAC-PkgAC-18to33-New-SEER-17.1/instance-out.sql,87.98,2322865.52,250.67,6618314.61
CZ07/ECC&0&cDXGF&New&dxAC_equip/NE-dxAC-PkgAC-18to33-New-SEER-18.1/instance-out.sql,87.79,2317913.25,250.04,6601774.00
CZ07/ECC&0&cDXGF&New&dxAC_equip/NE-dxAC-PkgAC-33to65-New-SEER-13.4/instance-out.sql,86.39,2281004.14,245.38,6478506.00
CZ07/ECC&0&cDXGF&New&dxAC_equip/NE-dxAC-PkgAC-33to65-New-SEER-15.2/instance-out.sql,85.97,2269790.21,243.96,6441051.48
CZ07/ECC&0&cDXGF&New&dxAC_equip/NE-dxAC-PkgAC-33to65-New-SEER-16.2/instance-out.sql,85.80,2265261.23,243.38,6425924.68
CZ07/ECC&0&cDXGF&New&dxAC_equip/NE-dxAC-PkgAC-33to65-New-SEER-17.1/instance-out.sql,85.66,2261640.45,242.93,6413831.26
CZ07/ECC&0&cDXGF&New&dxAC_equip/NE-dxAC-PkgAC-33to65-New-SEER-18.1/instance-out.sql,85.53,2258198.27,242.49,6402334.38
CZ07/EPr&0&cDXGF&New&dxAC_equip/NE-dxAC-PkgAC-18to33-New-SEER-13.4/instance-out.sql,90.71,343369.44,226.02,855572.12
CZ07/EPr&0&cDXGF&New&dxAC_equip/NE-dxAC-PkgAC-18to33-New-SEER-15.2/instance-out.sql,90.15,341235.91,224.14,848446.13
CZ07/EPr&0&cDXGF&New&dxAC_equip/NE-dxAC-PkgAC-18to33-New-SEER-16.2/instance-out.sql,89.92,340374.24,223.38,845568.15
CZ07/EPr&0&cDXGF&New&dxAC_equip/NE-dxAC-PkgAC-18to33-New-SEER-17.1/instance-out.sql,89.74,339685.36,222.77,843267.29
CZ07/EPr&0&cDXGF&New&dxAC_equip/NE-dxAC-PkgAC-18to33-New-SEER-18.1/instance-out.sql,89.56,339030.46,222.19,841079.93
CZ07/EPr&0&cDXGF&New&dxAC_equip/NE-dxAC-PkgAC-33to65-New-SEER-13.4/instance-out.sql,89.29,338010.73,221.29,837663.83
CZ07/EPr&0&cDXGF&New&dxAC_equip/NE-dxAC-PkgAC-33to65-New-SEER-15.2/instance-out.sql,88.83,336255.61,219.74,831801.73
CZ07/EPr&0&cDXGF&New&dxAC_equip/NE-dxAC-PkgAC-33to65-New-SEER-16.2/instance-out.sql,88.64,335546.77,219.12,829434.20
CZ07/EPr&0&cDXGF&New&dxAC_equip/NE-dxAC-PkgAC-33to65-New-SEER-17.1/instance-out.sql,88.49,334980.07,218.62,827541.43
CZ07/EPr&0&cDXGF&New&dxAC_equip/NE-dxAC-PkgAC-33to65-New-SEER-18.1/instance-out.sql,88.35,334441.33,218.14,825742.02
CZ07/ERC&0&cDXGF&New&dxAC_equip/NE-dxAC-PkgAC-18to33-New-SEER-13.4/instance-out.sql,61.74,16538.87,125.43,33602.52
CZ07/ERC&0&cDXGF&New&dxAC_equip/NE-dxAC-PkgAC-18to33-New-SEER-15.2/instance-out.sql,61.41,16451.87,124.35,33311.93
CZ07/ERC&0&cDXGF&New&dxAC_equip/NE-dxAC-PkgAC-18to33-New-SEER-16.2/instance-out.sql,61.28,16416.73,123.91,33194.57
CZ07/ERC&0&cDXGF&New&dxAC_equip/NE-dxAC-PkgAC-18to33-New-SEER-17.1/instance-out.sql,61.18,16388.64,123.56,33100.75
CZ07/ERC&0&cDXGF&New&dxAC_equip/NE-dxAC-PkgAC-18to33-New-SEER-18.1/instance-out.sql,61.08,16361.93,123.23,33011.55
CZ07/ERC&0&cDXGF&New&dxAC_equip/NE-dxAC-PkgAC-33to65-New-SEER-13.4/instance-out.sql,60.75,16275.02,122.14,32721.16
CZ07/ERC&0&cDXGF&New&dxAC_equip/NE-dxAC-PkgAC-33to65-New-SEER-15.2/instance-out.sql,60.50,16206.64,121.29,32492.76
CZ07/ERC&0&cDXGF&New&dxAC_equip/NE-dxAC-PkgAC-33to65-New-SEER-16.2/instance-out.sql,60.39,16179.03,120.95,32400.52
CZ07/ERC&0&cDXGF&New&dxAC_equip/NE-dxAC-PkgAC-33to65-New-SEER-17.1/instance-out.sql,60.31,16156.95,120.67,32326.78
CZ07/ERC&0&cDXGF&New&dxAC_equip/NE-dxAC-PkgAC-33to65-New-SEER-18.1/instance-out.sql,60.23,16135.96,120.41,32256.67
CZ07/ESe&0&cDXGF&New&dxAC_equip/NE-dxAC-PkgAC-18to33-New-SEER-13.4/instance-out.sql,140.18,968952.78,364.16,2517142.43
CZ07/ESe&0&cDXGF&New&dxAC_equip/NE-dxAC-PkgAC-18to33-New-SEER-15.2/instance-out.sql,139.79,966267.50,362.86,2508173.61
CZ07/ESe&0&cDXGF&New&dxAC_equip/NE-dxAC-PkgAC-18to33-New-SEER-16.2/instance-out.sql,139.63,965183.00,362.34,2504551.37
CZ07/ESe&0&cDXGF&New&dxAC_equip/NE-dxAC-PkgAC-18to33-New-SEER-17.1/instance-out.sql,139.51,964315.97,361.92,2501655.49
CZ07/ESe&0&cDXGF&New&dxAC_equip/NE-dxAC-PkgAC-18to33-New-SEER-18.1/instance-out.sql,139.39,963491.71,361.52,2498902.46
CZ07/ESe&0&cDXGF&New&dxAC_equip/NE-dxAC-PkgAC-33to65-New-SEER-13.4/instance-out.sql,138.74,959024.07,359.36,2483979.35
CZ07/ESe&0&cDXGF&New&dxAC_equip/NE-dxAC-PkgAC-33to65-New-SEER-15.2/instance-out.sql,138.46,957039.35,358.40,2477350.36
CZ07/ESe&0&cDXGF&New&dxAC_equip/NE-dxAC-PkgAC-33to65-New-SEER-16.2/instance-out.sql,138.34,956237.77,358.02,2474673.10
CZ07/ESe&0&cDXGF&New&dxAC_equip/NE-dxAC-PkgAC-33to65-New-SEER-17.1/instance-out.sql,138.25,955596.94,357.71,2472532.71
CZ07/ESe&0&cDXGF&New&dxAC_equip/NE-dxAC-PkgAC-33to65-New-SEER-18.1/instance-out.sql,138.16,954987.71,357.41,2470497.91
CZ07/EUn&0&cDXGF&New&dxAC_equip/NE-dxAC-PkgAC-18to33-New-SEER-13.4/instance-out.sql,93.13,7421902.52,286.72,22848702.44
CZ07/EUn&0&cDXGF&New&dxAC_equip/NE-dxAC-PkgAC-18to33-New-SEER-15.2/instance-out.sql,92.52,7372649.48,284.65,22684197.30
CZ07/EUn&0&cDXGF&New&dxAC_equip/NE-dxAC-PkgAC-18to33-New-SEER-16.2/instance-out.sql,92.27,7352757.60,283.82,22617758.41
CZ07/EUn&0&cDXGF&New&dxAC_equip/NE-dxAC-PkgAC-18to33-New-SEER-17.1/instance-out.sql,92.07,7336854.64,283.15,22564642.55
CZ07/EUn&0&cDXGF&New&dxAC_equip/NE-dxAC-PkgAC-18to33-New-SEER-18.1/instance-out.sql,91.88,7321736.14,282.52,22514146.75
CZ07/EUn&0&cDXGF&New&dxAC_equip/NE-dxAC-PkgAC-33to65-New-SEER-13.4/instance-out.sql,89.92,7165964.79,275.99,21993814.42
CZ07/EUn&0&cDXGF&New&dxAC_equip/NE-dxAC-PkgAC-33to65-New-SEER-15.2/instance-out.sql,89.53,7134771.92,274.68,21889630.26
CZ07/EUn&0&cDXGF&New&dxAC_equip/NE-dxAC-PkgAC-33to65-New-SEER-16.2/instance-out.sql,89.37,7122174.02,274.15,21847553.28
CZ07/EUn&0&cDXGF&New&dxAC_equip/NE-dxAC-PkgAC-33to65-New-SEER-17.1/instance-out.sql,89.25,7112102.39,273.73,21813914.01
CZ07/EUn&0&cDXGF&New&dxAC_equip/NE-dxAC-PkgAC-33to65-New-SEER-18.1/instance-out.sql,89.13,7102527.56,273.33,21781934.09
CZ07/Gro&0&cDXGF&New&dxAC_equip/NE-dxAC-PkgAC-18to33-New-SEER-13.4/instance-out.sql,401.17,1863395.78,1286.31,5974743.01
CZ07/Gro&0&cDXGF&New&dxAC_equip/NE-dxAC-PkgAC-18to33-New-SEER-15.2/instance-out.sql,400.82,1861740.52,1285.12,5969214.43
CZ07/Gro&0&cDXGF&New&dxAC_equip/NE-dxAC-PkgAC-18to33-New-SEER-16.2/instance-out.sql,400.67,1861072.00,1284.64,5966981.59
CZ07/Gro&0&cDXGF&New&dxAC_equip/NE-dxAC-PkgAC-18to33-New-SEER-17.1/instance-out.sql,400.56,1860537.55,1284.25,5965196.50
CZ07/Gro&0&cDXGF&New&dxAC_equip/NE-dxAC-PkgAC-18to33-New-SEER-18.1/instance-out.sql,400.45,1860029.45,1283.89,5963499.47
CZ07/Gro&0&cDXGF&New&dxAC_equip/NE-dxAC-PkgAC-33to65-New-SEER-13.4/instance-out.sql,400.33,1859468.08,1283.49,5961625.97
CZ07/Gro&0&cDXGF&New&dxAC_equip/NE-dxAC-PkgAC-33to65-New-SEER-15.2/instance-out.sql,400.04,1858124.77,1282.52,5957139.30
CZ07/Gro&0&cDXGF&New&dxAC_equip/NE-dxAC-PkgAC-33to65-New-SEER-16.2/instance-out.sql,399.92,1857582.25,1282.13,5955327.27
CZ07/Gro&0&cDXGF&New&dxAC_equip/NE-dxAC-PkgAC-33to65-New-SEER-17.1/instance-out.sql,399.83,1857148.51,1281.82,5953878.60
CZ07/Gro&0&cDXGF&New&dxAC_equip/NE-dxAC-PkgAC-33to65-New-SEER-18.1/instance-out.sql,399.74,1856736.18,1281.52,5952501.39
CZ07/Hsp&0&cDXGF&New&dxAC_equip/NE-dxAC-PkgAC-18to33-New-SEER-13.4/instance-out.sql,73.27,3362967.92,225.62,10355972.99
CZ07/Hsp&0&cDXGF&New&dxAC_equip/NE-dxAC-PkgAC-18to33-New-SEER-15.2/instance-out.sql,73.05,3353127.79,224.91,10323106.96
CZ07/Hsp&0&cDXGF&New&dxAC_equip/NE-dxAC-PkgAC-18to33-New-SEER-16.2/instance-out.sql,72.97,3349153.65,224.62,10309833.32
CZ07/Hsp&0&cDXGF&New&dxAC_equip/NE-dxAC-PkgAC-18to33-New-SEER-17.1/instance-out.sql,72.90,3345976.44,224.39,10299221.45
CZ07/Hsp&0&cDXGF&New&dxAC_equip/NE-dxAC-PkgAC-18to33-New-SEER-18.1/instance-out.sql,72.83,3342955.96,224.17,10289133.03
CZ07/Hsp&0&cDXGF&New&dxAC_equip/NE-dxAC-PkgAC-33to65-New-SEER-13.4/instance-out.sql,72.00,3304841.42,221.39,10161792.11
CZ07/Hsp&0&cDXGF&New&dxAC_equip/NE-dxAC-PkgAC-33to65-New-SEER-15.2/instance-out.sql,71.88,3299103.84,220.98,10142628.58
CZ07/Hsp&0&cDXGF&New&dxAC_equip/NE-dxAC-PkgAC-33to65-New-SEER-16.2/instance-out.sql,71.83,3296786.60,220.81,10134888.99
CZ07/Hsp&0&cDXGF&New&dxAC_equip/NE-dxAC-PkgAC-33to65-New-SEER-17.1/instance-out.sql,71.79,3294934.03,220.67,10128701.42
CZ07/Hsp&0&cDXGF&New&dxAC_equip/NE-dxAC-PkgAC-33to65-New-SEER-18.1/instance-out.sql,71.75,3293172.85,220.54,10122819.06
CZ07/MBT&0&cDXGF&New&dxAC_equip/NE-dxAC-PkgAC-18to33-New-SEER-13.4/instance-out.sql,129.97,4829031.30,321.69,11952809.81
CZ07/MBT&0&cDXGF&New&dxAC_equip/NE-dxAC-PkgAC-18to33-New-SEER-15.2/instance-out.sql,129.73,4820402.35,320.91,11923989.11
CZ07/MBT&0&cDXGF&New&dxAC_equip/NE-dxAC-PkgAC-18to33-New-SEER-16.2/instance-out.sql,129.64,4816917.37,320.60,11912349.26
CZ07/MBT&0&cDXGF&New&dxAC_equip/NE-dxAC-PkgAC-18to33-New-SEER-17.1/instance-out.sql,129.56,4814131.23,320.35,11903043.56
CZ07/MBT&0&cDXGF&New&dxAC_equip/NE-dxAC-PkgAC-18to33-New-SEER-18.1/instance-out.sql,129.49,4811482.52,320.11,11894196.88
CZ07/MBT&0&cDXGF&New&dxAC_equip/NE-dxAC-PkgAC-33to65-New-SEER-13.4/instance-out.sql,128.83,4786700.68,317.88,11811407.00
CZ07/MBT&0&cDXGF&New&dxAC_equip/NE-dxAC-PkgAC-33to65-New-SEER-15.2/instance-out.sql,128.67,4781059.06,317.38,11792563.99
CZ07/MBT&0&cDXGF&New&dxAC_equip/NE-dxAC-PkgAC-33to65-New-SEER-16.2/instance-out.sql,128.61,4778780.57,317.17,11784953.83
CZ07/MBT&0&cDXGF&New&dxAC_equip/NE-dxAC-PkgAC-33to65-New-SEER-17.1/instance-out.sql,128.56,4776958.99,317.01,11778869.75
CZ07/MBT&0&cDXGF&New&dxAC_equip/NE-dxAC-PkgAC-33to65-New-SEER-18.1/instance-out.sql,128.52,4775227.26,316.85,11773085.78
CZ07/MLI&0&cDXGF&New&dxAC_equip/NE-dxAC-PkgAC-18to33-New-SEER-13.4/instance-out.sql,89.90,835347.04,286.63,2663284.52
CZ07/MLI&0&cDXGF&New&dxAC_equip/NE-dxAC-PkgAC-18to33-New-SEER-15.2/instance-out.sql,89.07,827630.30,283.86,2637510.62
CZ07/MLI&0&cDXGF&New&dxAC_equip/NE-dxAC-PkgAC-18to33-New-SEER-16.2/instance-out.sql,88.74,824513.73,282.74,2627101.29
CZ07/MLI&0&cDXGF&New&dxAC_equip/NE-dxAC-PkgAC-18to33-New-SEER-17.1/instance-out.sql,88.47,822022.13,281.84,2618779.34
CZ07/MLI&0&cDXGF&New&dxAC_equip/NE-dxAC-PkgAC-18to33-New-SEER-18.1/instance-out.sql,88.21,819653.44,280.99,2610867.89
CZ07/MLI&0&cDXGF&New&dxAC_equip/NE-dxAC-PkgAC-33to65-New-SEER-13.4/instance-out.sql,85.67,795999.68,272.49,2531860.92
CZ07/MLI&0&cDXGF&New&dxAC_equip/NE-dxAC-PkgAC-33to65-New-SEER-15.2/instance-out.sql,85.14,791059.38,270.71,2515360.33
CZ07/MLI&0&cDXGF&New&dxAC_equip/NE-dxAC-PkgAC-33to65-New-SEER-16.2/instance-out.sql,84.92,789064.14,270.00,2508696.21
CZ07/MLI&0&cDXGF&New&dxAC_equip/NE-dxAC-PkgAC-33to65-New-SEER-17.1/instance-out.sql,84.75,787469.00,269.42,2503368.46
CZ07/MLI&0&cDXGF&New&dxAC_equip/NE-dxAC-PkgAC-33to65-New-SEER-18.1/instance-out.sql,84.59,785952.55,268.88,2498303.50
CZ07/Mtl&0&cDXGF&New&dxAC_equip/NE-dxAC-PkgAC-18to33-New-SEER-13.4/instance-out.sql,53.88,150093.39,171.59,478017.32
CZ07/Mtl&0&cDXGF&New&dxAC_equip/NE-dxAC-PkgAC-18to33-New-SEER-15.2/instance-out.sql,53.15,148078.34,169.17,471287.06
CZ07/Mtl&0&cDXGF&New&dxAC_equip/NE-dxAC-PkgAC-18to33-New-SEER-16.2/instance-out.sql,52.86,147264.52,168.20,468568.90
CZ07/Mtl&0&cDXGF&New&dxAC_equip/NE-dxAC-PkgAC-18to33-New-SEER-17.1/instance-out.sql,52.63,146613.90,167.42,466395.81
CZ07/Mtl&0&cDXGF&New&dxAC_equip/NE-dxAC-PkgAC-18to33-New-SEER-18.1/instance-out.sql,52.41,145995.36,166.68,464329.92
CZ07/Mtl&0&cDXGF&New&dxAC_equip/NE-dxAC-PkgAC-33to65-New-SEER-13.4/instance-out.sql,50.77,141447.00,161.22,449137.45
CZ07/Mtl&0&cDXGF&New&dxAC_equip/NE-dxAC-PkgAC-33to65-New-SEER-15.2/instance-out.sql,50.27,140042.05,159.54,444444.93
CZ07/Mtl&0&cDXGF&New&dxAC_equip/NE-dxAC-PkgAC-33to65-New-SEER-16.2/instance-out.sql,50.07,139474.64,158.86,442549.76
CZ07/Mtl&0&cDXGF&New&dxAC_equip/NE-dxAC-PkgAC-33to65-New-SEER-17.1/instance-out.sql,49.90,139021.00,158.31,441034.62
CZ07/Mtl&0&cDXGF&New&dxAC_equip/NE-dxAC-PkgAC-33to65-New-SEER-18.1/instance-out.sql,49.75,138589.75,157.80,439594.23
CZ07/Nrs&0&cDXGF&New&dxAC_equip/NE-dxAC-PkgAC-18to33-New-SEER-13.4/instance-out.sql,75.21,775616.26,210.34,2169044.29
CZ07/Nrs&0&cDXGF&New&dxAC_equip/NE-dxAC-PkgAC-18to33-New-SEER-15.2/instance-out.sql,74.93,772685.19,209.39,2159254.51
CZ07/Nrs&0&cDXGF&New&dxAC_equip/NE-dxAC-PkgAC-18to33-New-SEER-16.2/instance-out.sql,74.81,771501.41,209.01,2155300.70
CZ07/Nrs&0&cDXGF&New&dxAC_equip/NE-dxAC-PkgAC-18to33-New-SEER-17.1/instance-out.sql,74.72,770555.02,208.70,2152139.74
CZ07/Nrs&0&cDXGF&New&dxAC_equip/NE-dxAC-PkgAC-18to33-New-SEER-18.1/instance-out.sql,74.64,769655.31,208.41,2149134.72
CZ07/Nrs&0&cDXGF&New&dxAC_equip/NE-dxAC-PkgAC-33to65-New-SEER-13.4/instance-out.sql,73.80,761058.26,205.63,2120462.77
CZ07/Nrs&0&cDXGF&New&dxAC_equip/NE-dxAC-PkgAC-33to65-New-SEER-15.2/instance-out.sql,73.62,759155.46,205.01,2114107.43
CZ07/Nrs&0&cDXGF&New&dxAC_equip/NE-dxAC-PkgAC-33to65-New-SEER-16.2/instance-out.sql,73.54,758386.97,204.76,2111540.69
CZ07/Nrs&0&cDXGF&New&dxAC_equip/NE-dxAC-PkgAC-33to65-New-SEER-17.1/instance-out.sql,73.48,757772.59,204.56,2109488.65
CZ07/Nrs&0&cDXGF&New&dxAC_equip/NE-dxAC-PkgAC-33to65-New-SEER-18.1/instance-out.sql,73.43,757188.52,204.37,2107537.84
CZ07/OfL&0&cDXGF&New&dxAC_equip/NE-dxAC-PkgAC-18to33-New-SEER-13.4/instance-out.sql,65.79,2138893.11,211.39,6872087.03
CZ07/OfL&0&cDXGF&New&dxAC_equip/NE-dxAC-PkgAC-18to33-New-SEER-15.2/instance-out.sql,65.13,2117245.03,209.17,6799782.44
CZ07/OfL&0&cDXGF&New&dxAC_equip/NE-dxAC-PkgAC-18to33-New-SEER-16.2/instance-out.sql,64.86,2108501.99,208.27,6770580.70
CZ07/OfL&0&cDXGF&New&dxAC_equip/NE-dxAC-PkgAC-18to33-New-SEER-17.1/instance-out.sql,64.64,2101512.20,207.55,6747234.80
CZ07/OfL&0&cDXGF&New&dxAC_equip/NE-dxAC-PkgAC-18to33-New-SEER-18.1/instance-out.sql,64.44,2094867.20,206.87,6725040.49
CZ07/OfL&0&cDXGF&New&dxAC_equip/NE-dxAC-PkgAC-33to65-New-SEER-13.4/instance-out.sql,61.59,2002115.38,197.34,6415247.57
CZ07/OfL&0&cDXGF&New&dxAC_equip/NE-dxAC-PkgAC-33to65-New-SEER-15.2/instance-out.sql,61.22,1990118.33,196.11,6375177.43
CZ07/OfL&0&cDXGF&New&dxAC_equip/NE-dxAC-PkgAC-33to65-New-SEER-16.2/instance-out.sql,61.07,1985273.07,195.61,6358994.26
CZ07/OfL&0&cDXGF&New&dxAC_equip/NE-dxAC-PkgAC-33to65-New-SEER-17.1/instance-out.sql,60.95,1981399.43,195.21,6346056.30
CZ07/OfL&0&cDXGF&New&dxAC_equip/NE-dxAC-PkgAC-33to65-New-SEER-18.1/instance-out.sql,60.84,1977716.87,194.83,6333756.54
CZ07/OfS&0&cDXGF&New&dxAC_equip/NE-dxAC-PkgAC-18to33-New-SEER-13.4/instance-out.sql,59.52,110615.17,172.60,320768.13
CZ07/OfS&0&cDXGF&New&dxAC_equip/NE-dxAC-PkgAC-18to33-New-SEER-15.2/instance-out.sql,58.89,109450.80,170.50,316879.15
CZ07/OfS&0&cDXGF&New&dxAC_equip/NE-dxAC-PkgAC-18to33-New-SEER-16.2/instance-out.sql,58.64,108980.55,169.66,315308.50
CZ07/OfS&0&cDXGF&New&dxAC_equip/NE-dxAC-PkgAC-18to33-New-SEER-17.1/instance-out.sql,58.44,108604.60,168.98,314052.82
CZ07/OfS&0&cDXGF&New&dxAC_equip/NE-dxAC-PkgAC-18to33-New-SEER-18.1/instance-out.sql,58.24,108247.19,168.34,312859.07
CZ07/OfS&0&cDXGF&New&dxAC_equip/NE-dxAC-PkgAC-33to65-New-SEER-13.4/instance-out.sql,56.07,104202.93,161.07,299350.80
CZ07/OfS&0&cDXGF&New&dxAC_equip/NE-dxAC-PkgAC-33to65-New-SEER-15.2/instance-out.sql,55.69,103491.02,159.79,296973.03
CZ07/OfS&0&cDXGF&New&dxAC_equip/NE-dxAC-PkgAC-33to65-New-SEER-16.2/instance-out.sql,55.53,103203.50,159.28,296012.72
CZ07/OfS&0&cDXGF&New&dxAC_equip/NE-dxAC-PkgAC-33to65-New-SEER-17.1/instance-out.sql,55.41,102973.64,158.86,295244.98
CZ07/OfS&0&cDXGF&New&dxAC_equip/NE-dxAC-PkgAC-33to65-New-SEER-18.1/instance-out.sql,55.29,102755.12,158.47,294515.11
CZ07/RFF&0&cDXGF&New&dxAC_equip/NE-dxAC-PkgAC-18to33-New-SEER-13.4/instance-out.sql,262.19,97338.55,600.75,223035.19
CZ07/RFF&0&cDXGF&New&dxAC_equip/NE-dxAC-PkgAC-18to33-New-SEER-15.2/instance-out.sql,261.25,96989.63,597.61,221869.81
CZ07/RFF&0&cDXGF&New&dxAC_equip/NE-dxAC-PkgAC-18to33-New-SEER-16.2/instance-out.sql,260.87,96848.71,596.35,221399.15
CZ07/RFF&0&cDXGF&New&dxAC_equip/NE-dxAC-PkgAC-18to33-New-SEER-17.1/instance-out.sql,260.56,96736.05,595.33,221022.87
CZ07/RFF&0&cDXGF&New&dxAC_equip/NE-dxAC-PkgAC-18to33-New-SEER-18.1/instance-out.sql,260.27,96628.95,594.37,220665.15
CZ07/RFF&0&cDXGF&New&dxAC_equip/NE-dxAC-PkgAC-33to65-New-SEER-13.4/instance-out.sql,257.93,95759.08,586.54,217759.47
CZ07/RFF&0&cDXGF&New&dxAC_equip/NE-dxAC-PkgAC-33to65-New-SEER-15.2/instance-out.sql,257.29,95521.58,584.41,216966.24
CZ07/RFF&0&cDXGF&New&dxAC_equip/NE-dxAC-PkgAC-33to65-New-SEER-16.2/instance-out.sql,257.03,95425.66,583.54,216645.88
CZ07/RFF&0&cDXGF&New&dxAC_equip/NE-dxAC-PkgAC-33to65-New-SEER-17.1/instance-out.sql,256.83,95348.98,582.85,216389.76
CZ07/RFF&0&cDXGF&New&dxAC_equip/NE-dxAC-PkgAC-33to65-New-SEER-18.1/instance-out.sql,256.63,95276.08,582.20,216146.27
CZ07/RSD&0&cDXGF&New&dxAC_equip/NE-dxAC-PkgAC-18to33-New-SEER-13.4/instance-out.sql,202.73,211042.66,430.00,447622.33
CZ07/RSD&0&cDXGF&New&dxAC_equip/NE-dxAC-PkgAC-18to33-New-SEER-15.2/instance-out.sql,202.58,210885.38,429.49,447097.01
CZ07/RSD&0&cDXGF&New&dxAC_equip/NE-dxAC-PkgAC-18to33-New-SEER-16.2/instance-out.sql,202.52,210821.85,429.29,446884.85
CZ07/RSD&0&cDXGF&New&dxAC_equip/NE-dxAC-PkgAC-18to33-New-SEER-17.1/instance-out.sql,202.47,210771.07,429.13,446715.23
CZ07/RSD&0&cDXGF&New&dxAC_equip/NE-dxAC-PkgAC-18to33-New-SEER-18.1/instance-out.sql,202.43,210722.79,428.97,446553.98
CZ07/RSD&0&cDXGF&New&dxAC_equip/NE-dxAC-PkgAC-33to65-New-SEER-13.4/instance-out.sql,202.13,210410.92,427.95,445487.64
CZ07/RSD&0&cDXGF&New&dxAC_equip/NE-dxAC-PkgAC-33to65-New-SEER-15.2/instance-out.sql,202.02,210299.26,427.59,445114.69
CZ07/RSD&0&cDXGF&New&dxAC_equip/NE-dxAC-PkgAC-33to65-New-SEER-16.2/instance-out.sql,201.98,210254.16,427.45,444964.07
CZ07/RSD&0&cDXGF&New&dxAC_equip/NE-dxAC-PkgAC-33to65-New-SEER-17.1/instance-out.sql,201.94,210218.11,427.33,444843.65
CZ07/RSD&0&cDXGF&New&dxAC_equip/NE-dxAC-PkgAC-33to65-New-SEER-18.1/instance-out.sql,201.91,210183.83,427.22,444729.17
CZ07/Rt3&0&cDXGF&New&dxAC_equip/NE-dxAC-PkgAC-18to33-New-SEER-13.4/instance-out.sql,78.11,1741501.41,242.61,5409332.92
CZ07/Rt3&0&cDXGF&New&dxAC_equip/NE-dxAC-PkgAC-18to33-New-SEER-15.2/instance-out.sql,77.33,1724197.07,240.01,5351536.42
CZ07/Rt3&0&cDXGF&New&dxAC_equip/NE-dxAC-PkgAC-18to33-New-SEER-16.2/instance-out.sql,77.02,1717208.34,238.97,5328194.08
CZ07/Rt3&0&cDXGF&New&dxAC_equip/NE-dxAC-PkgAC-18to33-New-SEER-17.1/instance-out.sql,76.77,1711621.07,238.13,5309532.59
CZ07/Rt3&0&cDXGF&New&dxAC_equip/NE-dxAC-PkgAC-18to33-New-SEER-18.1/instance-out.sql,76.53,1706309.40,237.33,5291791.62
CZ07/Rt3&0&cDXGF&New&dxAC_equip/NE-dxAC-PkgAC-33to65-New-SEER-13.4/instance-out.sql,74.47,1660337.12,230.45,5138240.93
CZ07/Rt3&0&cDXGF&New&dxAC_equip/NE-dxAC-PkgAC-33to65-New-SEER-15.2/instance-out.sql,73.95,1648759.75,228.71,5099572.52
CZ07/Rt3&0&cDXGF&New&dxAC_equip/NE-dxAC-PkgAC-33to65-New-SEER-16.2/instance-out.sql,73.74,1644083.98,228.01,5083955.47
CZ07/Rt3&0&cDXGF&New&dxAC_equip/NE-dxAC-PkgAC-33to65-New-SEER-17.1/instance-out.sql,73.57,1640345.85,227.45,5071470.11
CZ07/Rt3&0&cDXGF&New&dxAC_equip/NE-dxAC-PkgAC-33to65-New-SEER-18.1/instance-out.sql,73.41,1636792.11,226.92,5059600.62
CZ07/RtL&0&cDXGF&New&dxAC_equip/NE-dxAC-PkgAC-18to33-New-SEER-13.4/instance-out.sql,134.11,1625937.63,417.59,5062804.58
CZ07/RtL&0&cDXGF&New&dxAC_equip/NE-dxAC-PkgAC-18to33-New-SEER-15.2/instance-out.sql,132.84,1610580.30,413.35,5011511.11
CZ07/RtL&0&cDXGF&New&dxAC_equip/NE-dxAC-PkgAC-18to33-New-SEER-16.2/instance-out.sql,132.33,1604377.92,411.65,4990795.15
CZ07/RtL&0&cDXGF&New&dxAC_equip/NE-dxAC-PkgAC-18to33-New-SEER-17.1/instance-out.sql,131.92,1599419.31,410.28,4974233.38
CZ07/RtL&0&cDXGF&New&dxAC_equip/NE-dxAC-PkgAC-18to33-New-SEER-18.1/instance-out.sql,131.53,1594705.29,408.98,4958488.55
CZ07/RtL&0&cDXGF&New&dxAC_equip/NE-dxAC-PkgAC-33to65-New-SEER-13.4/instance-out.sql,128.00,1551861.78,397.18,4815383.20
CZ07/RtL&0&cDXGF&New&dxAC_equip/NE-dxAC-PkgAC-33to65-New-SEER-15.2/instance-out.sql,127.16,1541731.44,394.39,4781547.88
CZ07/RtL&0&cDXGF&New&dxAC_equip/NE-dxAC-PkgAC-33to65-New-SEER-16.2/instance-out.sql,126.83,1537640.09,393.26,4767882.77
CZ07/RtL&0&cDXGF&New&dxAC_equip/NE-dxAC-PkgAC-33to65-New-SEER-17.1/instance-out.sql,126.56,1534369.18,392.36,4756957.93
CZ07/RtL&0&cDXGF&New&dxAC_equip/NE-dxAC-PkgAC-33to65-New-SEER-18.1/instance-out.sql,126.30,1531259.62,391.50,4746571.98
CZ07/RtS&0&cDXGF&New&dxAC_equip/NE-dxAC-PkgAC-18to33-New-SEER-13.4/instance-out.sql,74.53,110805.22,221.50,329298.15
CZ07/RtS&0&cDXGF&New&dxAC_equip/NE-dxAC-PkgAC-18to33-New-SEER-15.2/instance-out.sql,73.79,109706.27,219.03,325627.67
CZ07/RtS&0&cDXGF&New&dxAC_equip/NE-dxAC-PkgAC-18to33-New-SEER-16.2/instance-out.sql,73.49,109262.44,218.03,324145.27
CZ07/RtS&0&cDXGF&New&dxAC_equip/NE-dxAC-PkgAC-18to33-New-SEER-17.1/instance-out.sql,73.25,108907.61,217.23,322960.13
CZ07/RtS&0&cDXGF&New&dxAC_equip/NE-dxAC-PkgAC-18to33-New-SEER-18.1/instance-out.sql,73.03,108570.28,216.48,321833.46
CZ07/RtS&0&cDXGF&New&dxAC_equip/NE-dxAC-PkgAC-33to65-New-SEER-13.4/instance-out.sql,71.53,106348.42,211.48,314411.86
CZ07/RtS&0&cDXGF&New&dxAC_equip/NE-dxAC-PkgAC-33to65-New-SEER-15.2/instance-out.sql,71.01,105563.97,209.72,311791.76
CZ07/RtS&0&cDXGF&New&dxAC_equip/NE-dxAC-PkgAC-33to65-New-SEER-16.2/instance-out.sql,70.79,105247.15,209.01,310733.58
CZ07/RtS&0&cDXGF&New&dxAC_equip/NE-dxAC-PkgAC-33to65-New-SEER-17.1/instance-out.sql,70.62,104993.86,208.44,309887.60
CZ07/RtS&0&cDXGF&New&dxAC_equip/NE-dxAC-PkgAC-33to65-New-SEER-18.1/instance-out.sql,70.46,104753.06,207.90,309083.35
CZ07/SCn&0&cDXGF&New&dxAC_equip/NE-dxAC-PkgAC-18to33-New-SEER-13.4/instance-out.sql,51.16,2376219.21,161.85,7517982.62
CZ07/SCn&0&cDXGF&New&dxAC_equip/NE-dxAC-PkgAC-18to33-New-SEER-15.2/instance-out.sql,50.80,2359524.31,160.65,7462221.63
CZ07/SCn&0&cDXGF&New&dxAC_equip/NE-dxAC-PkgAC-18to33-New-SEER-16.2/instance-out.sql,50.65,2352781.71,160.16,7439701.37
CZ07/SCn&0&cDXGF&New&dxAC_equip/NE-dxAC-PkgAC-18to33-New-SEER-17.1/instance-out.sql,50.54,2347391.22,159.78,7421697.11
CZ07/SCn&0&cDXGF&New&dxAC_equip/NE-dxAC-PkgAC-18to33-New-SEER-18.1/instance-out.sql,50.42,2342266.62,159.41,7404580.95
CZ07/SCn&0&cDXGF&New&dxAC_equip/NE-dxAC-PkgAC-33to65-New-SEER-13.4/instance-out.sql,50.08,2326135.11,158.25,7350700.71
CZ07/SCn&0&cDXGF&New&dxAC_equip/NE-dxAC-PkgAC-33to65-New-SEER-15.2/instance-out.sql,49.79,2312974.15,157.30,7306743.09
CZ07/SCn&0&cDXGF&New&dxAC_equip/NE-dxAC-PkgAC-33to65-New-SEER-16.2/instance-out.sql,49.68,2307658.82,156.92,7288989.88
CZ07/SCn&0&cDXGF&New&dxAC_equip/NE-dxAC-PkgAC-33to65-New-SEER-17.1/instance-out.sql,49.59,2303409.37,156.61,7274796.73
CZ07/SCn&0&cDXGF&New&dxAC_equip/NE-dxAC-PkgAC-33to65-New-SEER-18.1/instance-out.sql,49.50,2299369.54,156.32,7261303.68
CZ08/Asm&0&cDXGF&New&dxAC_equip/NE-dxAC-PkgAC-18to33-New-SEER-13.4/instance-out.sql,94.08,594418.99,284.63,1798330.47
CZ08/Asm&0&cDXGF&New&dxAC_equip/NE-dxAC-PkgAC-18to33-New-SEER-15.2/instance-out.sql,92.89,586876.78,280.65,1773139.49
CZ08/Asm&0&cDXGF&New&dxAC_equip/NE-dxAC-PkgAC-18to33-New-SEER-16.2/instance-out.sql,92.41,583830.70,279.04,1762965.57
CZ08/Asm&0&cDXGF&New&dxAC_equip/NE-dxAC-PkgAC-18to33-New-SEER-17.1/instance-out.sql,92.02,581395.45,277.75,1754831.84
CZ08/Asm&0&cDXGF&New&dxAC_equip/NE-dxAC-PkgAC-18to33-New-SEER-18.1/instance-out.sql,91.66,579080.32,276.53,1747099.33
CZ08/Asm&0&cDXGF&New&dxAC_equip/NE-dxAC-PkgAC-33to65-New-SEER-13.4/instance-out.sql,92.28,583009.97,278.59,1760163.24
CZ08/Asm&0&cDXGF&New&dxAC_equip/NE-dxAC-PkgAC-33to65-New-SEER-15.2/instance-out.sql,91.21,576274.65,275.03,1737667.29
CZ08/Asm&0&cDXGF&New&dxAC_equip/NE-dxAC-PkgAC-33to65-New-SEER-16.2/instance-out.sql,90.78,573554.45,273.60,1728581.82
CZ08/Asm&0&cDXGF&New&dxAC_equip/NE-dxAC-PkgAC-33to65-New-SEER-17.1/instance-out.sql,90.44,571379.74,272.45,1721318.27
CZ08/Asm&0&cDXGF&New&dxAC_equip/NE-dxAC-PkgAC-33to65-New-SEER-18.1/instance-out.sql,90.11,569312.29,271.35,1714413.01
CZ08/ECC&0&cDXGF&New&dxAC_equip/NE-dxAC-PkgAC-18to33-New-SEER-13.4/instance-out.sql,91.48,2415348.81,261.81,6912422.20
CZ08/ECC&0&cDXGF&New&dxAC_equip/NE-dxAC-PkgAC-18to33-New-SEER-15.2/instance-out.sql,90.79,2396955.48,259.48,6850988.50
CZ08/ECC&0&cDXGF&New&dxAC_equip/NE-dxAC-PkgAC-18to33-New-SEER-16.2/instance-out.sql,90.50,2389526.95,258.54,6826177.20
CZ08/ECC&0&cDXGF&New&dxAC_equip/NE-dxAC-PkgAC-18to33-New-SEER-17.1/instance-out.sql,90.28,2383588.06,257.79,6806341.32
CZ08/ECC&0&cDXGF&New&dxAC_equip/NE-dxAC-PkgAC-18to33-New-SEER-18.1/instance-out.sql,90.07,2377942.13,257.08,6787483.89
CZ08/ECC&0&cDXGF&New&dxAC_equip/NE-dxAC-PkgAC-33to65-New-SEER-13.4/instance-out.sql,88.81,2344799.08,252.89,6676768.49
CZ08/ECC&0&cDXGF&New&dxAC_equip/NE-dxAC-PkgAC-33to65-New-SEER-15.2/instance-out.sql,88.30,2331384.22,251.19,6631962.87
CZ08/ECC&0&cDXGF&New&dxAC_equip/NE-dxAC-PkgAC-33to65-New-SEER-16.2/instance-out.sql,88.10,2325966.35,250.50,6613867.17
CZ08/ECC&0&cDXGF&New&dxAC_equip/NE-dxAC-PkgAC-33to65-New-SEER-17.1/instance-out.sql,87.93,2321634.93,249.95,6599400.22
CZ08/ECC&0&cDXGF&New&dxAC_equip/NE-dxAC-PkgAC-33to65-New-SEER-18.1/instance-out.sql,87.78,2317517.16,249.43,6585646.87
CZ08/EPr&0&cDXGF&New&dxAC_equip/NE-dxAC-PkgAC-18to33-New-SEER-13.4/instance-out.sql,93.16,352644.15,232.89,881572.33
CZ08/EPr&0&cDXGF&New&dxAC_equip/NE-dxAC-PkgAC-18to33-New-SEER-15.2/instance-out.sql,92.50,350136.89,230.68,873198.06
CZ08/EPr&0&cDXGF&New&dxAC_equip/NE-dxAC-PkgAC-18to33-New-SEER-16.2/instance-out.sql,92.23,349124.27,229.78,869815.93
CZ08/EPr&0&cDXGF&New&dxAC_equip/NE-dxAC-PkgAC-18to33-New-SEER-17.1/instance-out.sql,92.02,348314.72,229.07,867112.03
CZ08/EPr&0&cDXGF&New&dxAC_equip/NE-dxAC-PkgAC-18to33-New-SEER-18.1/instance-out.sql,91.81,347545.10,228.39,864541.50
CZ08/EPr&0&cDXGF&New&dxAC_equip/NE-dxAC-PkgAC-33to65-New-SEER-13.4/instance-out.sql,91.72,347194.89,228.08,863365.86
CZ08/EPr&0&cDXGF&New&dxAC_equip/NE-dxAC-PkgAC-33to65-New-SEER-15.2/instance-out.sql,91.16,345072.30,226.21,856276.39
CZ08/EPr&0&cDXGF&New&dxAC_equip/NE-dxAC-PkgAC-33to65-New-SEER-16.2/instance-out.sql,90.93,344215.04,225.45,853413.15
CZ08/EPr&0&cDXGF&New&dxAC_equip/NE-dxAC-PkgAC-33to65-New-SEER-17.1/instance-out.sql,90.75,343529.69,224.84,851124.08
CZ08/EPr&0&cDXGF&New&dxAC_equip/NE-dxAC-PkgAC-33to65-New-SEER-18.1/instance-out.sql,90.58,342878.15,224.27,848947.93
CZ08/ERC&0&cDXGF&New&dxAC_equip/NE-dxAC-PkgAC-18to33-New-SEER-13.4/instance-out.sql,63.87,17110.61,131.53,35237.01
CZ08/ERC&0&cDXGF&New&dxAC_equip/NE-dxAC-PkgAC-18to33-New-SEER-15.2/instance-out.sql,63.48,17004.66,130.21,34883.12
CZ08/ERC&0&cDXGF&New&dxAC_equip/NE-dxAC-PkgAC-18to33-New-SEER-16.2/instance-out.sql,63.32,16961.87,129.68,34740.19
CZ08/ERC&0&cDXGF&New&dxAC_equip/NE-dxAC-PkgAC-18to33-New-SEER-17.1/instance-out.sql,63.19,16927.66,129.25,34625.93
CZ08/ERC&0&cDXGF&New&dxAC_equip/NE-dxAC-PkgAC-18to33-New-SEER-18.1/instance-out.sql,63.07,16895.13,128.85,34517.30
CZ08/ERC&0&cDXGF&New&dxAC_equip/NE-dxAC-PkgAC-33to65-New-SEER-13.4/instance-out.sql,62.81,16825.78,127.98,34285.55
CZ08/ERC&0&cDXGF&New&dxAC_equip/NE-dxAC-PkgAC-33to65-New-SEER-15.2/instance-out.sql,62.49,16739.93,126.91,33998.80
CZ08/ERC&0&cDXGF&New&dxAC_equip/NE-dxAC-PkgAC-33to65-New-SEER-16.2/instance-out.sql,62.36,16705.25,126.48,33882.99
CZ08/ERC&0&cDXGF&New&dxAC_equip/NE-dxAC-PkgAC-33to65-New-SEER-17.1/instance-out.sql,62.25,16677.53,126.13,33790.40
CZ08/ERC&0&cDXGF&New&dxAC_equip/NE-dxAC-PkgAC-33to65-New-SEER-18.1/instance-out.sql,62.16,16651.18,125.80,33702.38
CZ08/ESe&0&cDXGF&New&dxAC_equip/NE-dxAC-PkgAC-18to33-New-SEER-13.4/instance-out.sql,147.42,1018976.35,384.21,2655720.24
CZ08/ESe&0&cDXGF&New&dxAC_equip/NE-dxAC-PkgAC-18to33-New-SEER-15.2/instance-out.sql,146.97,1015874.55,382.71,2645360.21
CZ08/ESe&0&cDXGF&New&dxAC_equip/NE-dxAC-PkgAC-18to33-New-SEER-16.2/instance-out.sql,146.79,1014621.82,382.10,2641176.09
CZ08/ESe&0&cDXGF&New&dxAC_equip/NE-dxAC-PkgAC-18to33-New-SEER-17.1/instance-out.sql,146.64,1013620.30,381.62,2637831.02
CZ08/ESe&0&cDXGF&New&dxAC_equip/NE-dxAC-PkgAC-18to33-New-SEER-18.1/instance-out.sql,146.50,1012668.18,381.16,2634650.95
CZ08/ESe&0&cDXGF&New&dxAC_equip/NE-dxAC-PkgAC-33to65-New-SEER-13.4/instance-out.sql,145.96,1008916.57,379.35,2622127.66
CZ08/ESe&0&cDXGF&New&dxAC_equip/NE-dxAC-PkgAC-33to65-New-SEER-15.2/instance-out.sql,145.62,1006524.34,378.19,2614137.59
CZ08/ESe&0&cDXGF&New&dxAC_equip/NE-dxAC-PkgAC-33to65-New-SEER-16.2/instance-out.sql,145.48,1005558.18,377.72,2610910.63
CZ08/ESe&0&cDXGF&New&dxAC_equip/NE-dxAC-PkgAC-33to65-New-SEER-17.1/instance-out.sql,145.36,1004785.77,377.35,2608330.77
CZ08/ESe&0&cDXGF&New&dxAC_equip/NE-dxAC-PkgAC-33to65-New-SEER-18.1/instance-out.sql,145.26,1004051.46,377.00,2605878.17
CZ08/EUn&0&cDXGF&New&dxAC_equip/NE-dxAC-PkgAC-18to33-New-SEER-13.4/instance-out.sql,94.54,7534243.53,290.93,23184847.29
CZ08/EUn&0&cDXGF&New&dxAC_equip/NE-dxAC-PkgAC-18to33-New-SEER-15.2/instance-out.sql,93.88,7481020.51,288.70,23007082.41
CZ08/EUn&0&cDXGF&New&dxAC_equip/NE-dxAC-PkgAC-18to33-New-SEER-16.2/instance-out.sql,93.61,7459525.26,287.80,22935288.29
CZ08/EUn&0&cDXGF&New&dxAC_equip/NE-dxAC-PkgAC-18to33-New-SEER-17.1/instance-out.sql,93.39,7442340.47,287.08,22877891.09
CZ08/EUn&0&cDXGF&New&dxAC_equip/NE-dxAC-PkgAC-18to33-New-SEER-18.1/instance-out.sql,93.19,7426003.36,286.40,22823325.14
CZ08/EUn&0&cDXGF&New&dxAC_equip/NE-dxAC-PkgAC-33to65-New-SEER-13.4/instance-out.sql,91.50,7291880.75,280.78,22375291.30
CZ08/EUn&0&cDXGF&New&dxAC_equip/NE-dxAC-PkgAC-33to65-New-SEER-15.2/instance-out.sql,91.05,7255759.49,279.26,22254646.31
CZ08/EUn&0&cDXGF&New&dxAC_equip/NE-dxAC-PkgAC-33to65-New-SEER-16.2/instance-out.sql,90.87,7241171.16,278.65,22205921.27
CZ08/EUn&0&cDXGF&New&dxAC_equip/NE-dxAC-PkgAC-33to65-New-SEER-17.1/instance-out.sql,90.72,7229508.23,278.16,22166967.09
CZ08/EUn&0&cDXGF&New&dxAC_equip/NE-dxAC-PkgAC-33to65-New-SEER-18.1/instance-out.sql,90.58,7218420.60,277.70,22129934.41
CZ08/Gro&0&cDXGF&New&dxAC_equip/NE-dxAC-PkgAC-18to33-New-SEER-13.4/instance-out.sql,403.30,1873265.95,1290.11,5992378.63
CZ08/Gro&0&cDXGF&New&dxAC_equip/NE-dxAC-PkgAC-18to33-New-SEER-15.2/instance-out.sql,402.80,1870956.33,1288.45,5984664.51
CZ08/Gro&0&cDXGF&New&dxAC_equip/NE-dxAC-PkgAC-18to33-New-SEER-16.2/instance-out.sql,402.60,1870023.55,1287.78,5981549.00
CZ08/Gro&0&cDXGF&New&dxAC_equip/NE-dxAC-PkgAC-18to33-New-SEER-17.1/instance-out.sql,402.44,1869277.81,1287.24,5979058.25
CZ08/Gro&0&cDXGF&New&dxAC_equip/NE-dxAC-PkgAC-18to33-New-SEER-18.1/instance-out.sql,402.29,1868568.86,1286.73,5976690.35
CZ08/Gro&0&cDXGF&New&dxAC_equip/NE-dxAC-PkgAC-33to65-New-SEER-13.4/instance-out.sql,402.61,1870071.13,1287.81,5981721.72
CZ08/Gro&0&cDXGF&New&dxAC_equip/NE-dxAC-PkgAC-33to65-New-SEER-15.2/instance-out.sql,402.18,1868083.15,1286.38,5975081.87
CZ08/Gro&0&cDXGF&New&dxAC_equip/NE-dxAC-PkgAC-33to65-New-SEER-16.2/instance-out.sql,402.01,1867280.26,1285.81,5972400.22
CZ08/Gro&0&cDXGF&New&dxAC_equip/NE-dxAC-PkgAC-33to65-New-SEER-17.1/instance-out.sql,401.87,1866638.37,1285.34,5970256.32
CZ08/Gro&0&cDXGF&New&dxAC_equip/NE-dxAC-PkgAC-33to65-New-SEER-18.1/instance-out.sql,401.74,1866028.15,1284.91,5968218.18
CZ08/Hsp&0&cDXGF&New&dxAC_equip/NE-dxAC-PkgAC-18to33-New-SEER-13.4/instance-out.sql,77.19,3542907.88,236.51,10855498.87
CZ08/Hsp&0&cDXGF&New&dxAC_equip/NE-dxAC-PkgAC-18to33-New-SEER-15.2/instance-out.sql,76.96,3532317.10,235.74,10820125.67
CZ08/Hsp&0&cDXGF&New&dxAC_equip/NE-dxAC-PkgAC-18to33-New-SEER-16.2/instance-out.sql,76.86,3528039.79,235.42,10805839.46
CZ08/Hsp&0&cDXGF&New&dxAC_equip/NE-dxAC-PkgAC-18to33-New-SEER-17.1/instance-out.sql,76.79,3524620.22,235.18,10794418.07
CZ08/Hsp&0&cDXGF&New&dxAC_equip/NE-dxAC-PkgAC-18to33-New-SEER-18.1/instance-out.sql,76.72,3521369.32,234.94,10783560.06
CZ08/Hsp&0&cDXGF&New&dxAC_equip/NE-dxAC-PkgAC-33to65-New-SEER-13.4/instance-out.sql,75.98,3487443.80,232.47,10670235.25
CZ08/Hsp&0&cDXGF&New&dxAC_equip/NE-dxAC-PkgAC-33to65-New-SEER-15.2/instance-out.sql,75.83,3480769.10,231.98,10647941.74
CZ08/Hsp&0&cDXGF&New&dxAC_equip/NE-dxAC-PkgAC-33to65-New-SEER-16.2/instance-out.sql,75.78,3478073.37,231.79,10638938.03
CZ08/Hsp&0&cDXGF&New&dxAC_equip/NE-dxAC-PkgAC-33to65-New-SEER-17.1/instance-out.sql,75.73,3475918.23,231.63,10631739.84
CZ08/Hsp&0&cDXGF&New&dxAC_equip/NE-dxAC-PkgAC-33to65-New-SEER-18.1/instance-out.sql,75.68,3473869.39,231.48,10624896.72
CZ08/MBT&0&cDXGF&New&dxAC_equip/NE-dxAC-PkgAC-18to33-New-SEER-13.4/instance-out.sql,138.04,5128944.73,335.15,12452911.03
CZ08/MBT&0&cDXGF&New&dxAC_equip/NE-dxAC-PkgAC-18to33-New-SEER-15.2/instance-out.sql,137.78,5119418.13,334.29,12421092.20
CZ08/MBT&0&cDXGF&New&dxAC_equip/NE-dxAC-PkgAC-18to33-New-SEER-16.2/instance-out.sql,137.68,5115570.61,333.95,12408241.49
CZ08/MBT&0&cDXGF&New&dxAC_equip/NE-dxAC-PkgAC-18to33-New-SEER-17.1/instance-out.sql,137.59,5112494.64,333.67,12397967.74
CZ08/MBT&0&cDXGF&New&dxAC_equip/NE-dxAC-PkgAC-18to33-New-SEER-18.1/instance-out.sql,137.52,5109570.40,333.41,12388200.76
CZ08/MBT&0&cDXGF&New&dxAC_equip/NE-dxAC-PkgAC-33to65-New-SEER-13.4/instance-out.sql,136.92,5087457.55,331.42,12314326.28
CZ08/MBT&0&cDXGF&New&dxAC_equip/NE-dxAC-PkgAC-33to65-New-SEER-15.2/instance-out.sql,136.74,5080858.75,330.83,12292286.31
CZ08/MBT&0&cDXGF&New&dxAC_equip/NE-dxAC-PkgAC-33to65-New-SEER-16.2/instance-out.sql,136.67,5078193.69,330.59,12283385.00
CZ08/MBT&0&cDXGF&New&dxAC_equip/NE-dxAC-PkgAC-33to65-New-SEER-17.1/instance-out.sql,136.61,5076063.05,330.39,12276268.67
CZ08/MBT&0&cDXGF&New&dxAC_equip/NE-dxAC-PkgAC-33to65-New-SEER-18.1/instance-out.sql,136.56,5074037.51,330.21,12269503.38
CZ08/MLI&0&cDXGF&New&dxAC_equip/NE-dxAC-PkgAC-18to33-New-SEER-13.4/instance-out.sql,92.07,855505.92,292.20,2715013.01
CZ08/MLI&0&cDXGF&New&dxAC_equip/NE-dxAC-PkgAC-18to33-New-SEER-15.2/instance-out.sql,91.14,846823.23,289.08,2686012.84
CZ08/MLI&0&cDXGF&New&dxAC_equip/NE-dxAC-PkgAC-18to33-New-SEER-16.2/instance-out.sql,90.76,843316.54,287.82,2674300.50
CZ08/MLI&0&cDXGF&New&dxAC_equip/NE-dxAC-PkgAC-18to33-New-SEER-17.1/instance-out.sql,90.46,840513.05,286.81,2664936.85
CZ08/MLI&0&cDXGF&New&dxAC_equip/NE-dxAC-PkgAC-18to33-New-SEER-18.1/instance-out.sql,90.17,837847.85,285.85,2656035.08
CZ08/MLI&0&cDXGF&New&dxAC_equip/NE-dxAC-PkgAC-33to65-New-SEER-13.4/instance-out.sql,88.02,817832.88,278.66,2589180.77
CZ08/MLI&0&cDXGF&New&dxAC_equip/NE-dxAC-PkgAC-33to65-New-SEER-15.2/instance-out.sql,87.37,811808.52,276.49,2569059.41
CZ08/MLI&0&cDXGF&New&dxAC_equip/NE-dxAC-PkgAC-33to65-New-SEER-16.2/instance-out.sql,87.11,809375.46,275.62,2560932.97
CZ08/MLI&0&cDXGF&New&dxAC_equip/NE-dxAC-PkgAC-33to65-New-SEER-17.1/instance-out.sql,86.90,807430.30,274.92,2554436.13
CZ08/MLI&0&cDXGF&New&dxAC_equip/NE-dxAC-PkgAC-33to65-New-SEER-18.1/instance-out.sql,86.70,805581.09,274.25,2548259.77
CZ08/Mtl&0&cDXGF&New&dxAC_equip/NE-dxAC-PkgAC-18to33-New-SEER-13.4/instance-out.sql,57.52,160227.10,182.32,507897.86
CZ08/Mtl&0&cDXGF&New&dxAC_equip/NE-dxAC-PkgAC-18to33-New-SEER-15.2/instance-out.sql,56.69,157937.31,179.57,500249.96
CZ08/Mtl&0&cDXGF&New&dxAC_equip/NE-dxAC-PkgAC-18to33-New-SEER-16.2/instance-out.sql,56.36,157012.53,178.46,497161.20
CZ08/Mtl&0&cDXGF&New&dxAC_equip/NE-dxAC-PkgAC-18to33-New-SEER-17.1/instance-out.sql,56.10,156273.20,177.58,494691.83
CZ08/Mtl&0&cDXGF&New&dxAC_equip/NE-dxAC-PkgAC-18to33-New-SEER-18.1/instance-out.sql,55.84,155570.33,176.73,492344.27
CZ08/Mtl&0&cDXGF&New&dxAC_equip/NE-dxAC-PkgAC-33to65-New-SEER-13.4/instance-out.sql,54.41,151586.69,171.96,479036.21
CZ08/Mtl&0&cDXGF&New&dxAC_equip/NE-dxAC-PkgAC-33to65-New-SEER-15.2/instance-out.sql,53.81,149906.62,169.94,473424.78
CZ08/Mtl&0&cDXGF&New&dxAC_equip/NE-dxAC-PkgAC-33to65-New-SEER-16.2/instance-out.sql,53.57,149228.09,169.13,471158.49
CZ08/Mtl&0&cDXGF&New&dxAC_equip/NE-dxAC-PkgAC-33to65-New-SEER-17.1/instance-out.sql,53.37,148685.63,168.48,469346.66
CZ08/Mtl&0&cDXGF&New&dxAC_equip/NE-dxAC-PkgAC-33to65-New-SEER-18.1/instance-out.sql,53.19,148169.92,167.86,467624.20
CZ08/Nrs&0&cDXGF&New&dxAC_equip/NE-dxAC-PkgAC-18to33-New-SEER-13.4/instance-out.sql,77.38,797923.38,216.19,2229405.97
CZ08/Nrs&0&cDXGF&New&dxAC_equip/NE-dxAC-PkgAC-18to33-New-SEER-15.2/instance-out.sql,77.07,794717.67,215.15,2218698.90
CZ08/Nrs&0&cDXGF&New&dxAC_equip/NE-dxAC-PkgAC-18to33-New-SEER-16.2/instance-out.sql,76.94,793422.97,214.74,2214374.63
CZ08/Nrs&0&cDXGF&New&dxAC_equip/NE-dxAC-PkgAC-18to33-New-SEER-17.1/instance-out.sql,76.84,792387.90,214.40,2210917.50
CZ08/Nrs&0&cDXGF&New&dxAC_equip/NE-dxAC-PkgAC-18to33-New-SEER-18.1/instance-out.sql,76.74,791403.89,214.08,2207630.90
CZ08/Nrs&0&cDXGF&New&dxAC_equip/NE-dxAC-PkgAC-33to65-New-SEER-13.4/instance-out.sql,76.03,784048.48,211.72,2183246.41
CZ08/Nrs&0&cDXGF&New&dxAC_equip/NE-dxAC-PkgAC-33to65-New-SEER-15.2/instance-out.sql,75.82,781825.83,211.00,2175822.77
CZ08/Nrs&0&cDXGF&New&dxAC_equip/NE-dxAC-PkgAC-33to65-New-SEER-16.2/instance-out.sql,75.73,780928.17,210.71,2172824.58
CZ08/Nrs&0&cDXGF&New&dxAC_equip/NE-dxAC-PkgAC-33to65-New-SEER-17.1/instance-out.sql,75.66,780210.52,210.47,2170427.62
CZ08/Nrs&0&cDXGF&New&dxAC_equip/NE-dxAC-PkgAC-33to65-New-SEER-18.1/instance-out.sql,75.59,779528.26,210.25,2168148.89
CZ08/OfL&0&cDXGF&New&dxAC_equip/NE-dxAC-PkgAC-18to33-New-SEER-13.4/instance-out.sql,67.23,2185548.52,215.89,7018247.75
CZ08/OfL&0&cDXGF&New&dxAC_equip/NE-dxAC-PkgAC-18to33-New-SEER-15.2/instance-out.sql,66.52,2162523.75,213.52,6941345.04
CZ08/OfL&0&cDXGF&New&dxAC_equip/NE-dxAC-PkgAC-18to33-New-SEER-16.2/instance-out.sql,66.24,2153224.71,212.57,6910286.25
CZ08/OfL&0&cDXGF&New&dxAC_equip/NE-dxAC-PkgAC-18to33-New-SEER-17.1/instance-out.sql,66.01,2145790.41,211.80,6885455.69
CZ08/OfL&0&cDXGF&New&dxAC_equip/NE-dxAC-PkgAC-18to33-New-SEER-18.1/instance-out.sql,65.79,2138722.83,211.08,6861849.96
CZ08/OfL&0&cDXGF&New&dxAC_equip/NE-dxAC-PkgAC-33to65-New-SEER-13.4/instance-out.sql,63.20,2054418.63,202.42,6580272.42
CZ08/OfL&0&cDXGF&New&dxAC_equip/NE-dxAC-PkgAC-33to65-New-SEER-15.2/instance-out.sql,62.77,2040646.35,201.00,6534273.00
CZ08/OfL&0&cDXGF&New&dxAC_equip/NE-dxAC-PkgAC-33to65-New-SEER-16.2/instance-out.sql,62.60,2035084.12,200.43,6515695.16
CZ08/OfL&0&cDXGF&New&dxAC_equip/NE-dxAC-PkgAC-33to65-New-SEER-17.1/instance-out.sql,62.46,2030637.29,199.97,6500842.74
CZ08/OfL&0&cDXGF&New&dxAC_equip/NE-dxAC-PkgAC-33to65-New-SEER-18.1/instance-out.sql,62.33,2026409.81,199.54,6486722.96
CZ08/OfS&0&cDXGF&New&dxAC_equip/NE-dxAC-PkgAC-18to33-New-SEER-13.4/instance-out.sql,61.73,114724.72,179.29,333202.81
CZ08/OfS&0&cDXGF&New&dxAC_equip/NE-dxAC-PkgAC-18to33-New-SEER-15.2/instance-out.sql,61.03,113427.09,176.95,328868.72
CZ08/OfS&0&cDXGF&New&dxAC_equip/NE-dxAC-PkgAC-18to33-New-SEER-16.2/instance-out.sql,60.75,112903.01,176.01,327118.30
CZ08/OfS&0&cDXGF&New&dxAC_equip/NE-dxAC-PkgAC-18to33-New-SEER-17.1/instance-out.sql,60.52,112484.03,175.26,325718.90
CZ08/OfS&0&cDXGF&New&dxAC_equip/NE-dxAC-PkgAC-18to33-New-SEER-18.1/instance-out.sql,60.31,112085.71,174.54,324388.53
CZ08/OfS&0&cDXGF&New&dxAC_equip/NE-dxAC-PkgAC-33to65-New-SEER-13.4/instance-out.sql,58.24,108234.24,167.62,311523.67
CZ08/OfS&0&cDXGF&New&dxAC_equip/NE-dxAC-PkgAC-33to65-New-SEER-15.2/instance-out.sql,57.79,107394.61,166.11,308719.28
CZ08/OfS&0&cDXGF&New&dxAC_equip/NE-dxAC-PkgAC-33to65-New-SEER-16.2/instance-out.sql,57.60,107055.50,165.50,307586.67
CZ08/OfS&0&cDXGF&New&dxAC_equip/NE-dxAC-PkgAC-33to65-New-SEER-17.1/instance-out.sql,57.46,106784.40,165.02,306681.18
CZ08/OfS&0&cDXGF&New&dxAC_equip/NE-dxAC-PkgAC-33to65-New-SEER-18.1/instance-out.sql,57.32,106526.67,164.55,305820.36
CZ08/RFF&0&cDXGF&New&dxAC_equip/NE-dxAC-PkgAC-18to33-New-SEER-13.4/instance-out.sql,271.02,100617.70,627.01,232783.00
CZ08/RFF&0&cDXGF&New&dxAC_equip/NE-dxAC-PkgAC-18to33-New-SEER-15.2/instance-out.sql,269.91,100206.42,623.31,231409.30
CZ08/RFF&0&cDXGF&New&dxAC_equip/NE-dxAC-PkgAC-18to33-New-SEER-16.2/instance-out.sql,269.46,100040.31,621.82,230854.50
CZ08/RFF&0&cDXGF&New&dxAC_equip/NE-dxAC-PkgAC-18to33-New-SEER-17.1/instance-out.sql,269.10,99907.51,620.62,230410.96
CZ08/RFF&0&cDXGF&New&dxAC_equip/NE-dxAC-PkgAC-18to33-New-SEER-18.1/instance-out.sql,268.76,99781.27,619.48,229989.29
CZ08/RFF&0&cDXGF&New&dxAC_equip/NE-dxAC-PkgAC-33to65-New-SEER-13.4/instance-out.sql,266.38,98896.42,611.52,227033.49
CZ08/RFF&0&cDXGF&New&dxAC_equip/NE-dxAC-PkgAC-33to65-New-SEER-15.2/instance-out.sql,265.60,98606.58,608.92,226065.42
CZ08/RFF&0&cDXGF&New&dxAC_equip/NE-dxAC-PkgAC-33to65-New-SEER-16.2/instance-out.sql,265.29,98489.52,607.86,225674.44
CZ08/RFF&0&cDXGF&New&dxAC_equip/NE-dxAC-PkgAC-33to65-New-SEER-17.1/instance-out.sql,265.03,98395.93,607.02,225361.87
CZ08/RFF&0&cDXGF&New&dxAC_equip/NE-dxAC-PkgAC-33to65-New-SEER-18.1/instance-out.sql,264.79,98306.96,606.22,225064.71
CZ08/RSD&0&cDXGF&New&dxAC_equip/NE-dxAC-PkgAC-18to33-New-SEER-13.4/instance-out.sql,213.33,222077.53,450.97,469449.95
CZ08/RSD&0&cDXGF&New&dxAC_equip/NE-dxAC-PkgAC-18to33-New-SEER-15.2/instance-out.sql,213.16,221897.77,450.39,468849.56
CZ08/RSD&0&cDXGF&New&dxAC_equip/NE-dxAC-PkgAC-18to33-New-SEER-16.2/instance-out.sql,213.09,221825.17,450.16,468607.08
CZ08/RSD&0&cDXGF&New&dxAC_equip/NE-dxAC-PkgAC-18to33-New-SEER-17.1/instance-out.sql,213.04,221767.13,449.97,468413.22
CZ08/RSD&0&cDXGF&New&dxAC_equip/NE-dxAC-PkgAC-18to33-New-SEER-18.1/instance-out.sql,212.98,221711.95,449.79,468228.93
CZ08/RSD&0&cDXGF&New&dxAC_equip/NE-dxAC-PkgAC-33to65-New-SEER-13.4/instance-out.sql,212.70,221413.01,448.82,467215.35
CZ08/RSD&0&cDXGF&New&dxAC_equip/NE-dxAC-PkgAC-33to65-New-SEER-15.2/instance-out.sql,212.57,221280.62,448.40,466773.19
CZ08/RSD&0&cDXGF&New&dxAC_equip/NE-dxAC-PkgAC-33to65-New-SEER-16.2/instance-out.sql,212.52,221227.16,448.22,466594.62
CZ08/RSD&0&cDXGF&New&dxAC_equip/NE-dxAC-PkgAC-33to65-New-SEER-17.1/instance-out.sql,212.48,221184.41,448.09,466451.85
CZ08/RSD&0&cDXGF&New&dxAC_equip/NE-dxAC-PkgAC-33to65-New-SEER-18.1/instance-out.sql,212.44,221143.78,447.96,466316.13
CZ08/Rt3&0&cDXGF&New&dxAC_equip/NE-dxAC-PkgAC-18to33-New-SEER-13.4/instance-out.sql,81.62,1819833.36,253.34,5648760.59
CZ08/Rt3&0&cDXGF&New&dxAC_equip/NE-dxAC-PkgAC-18to33-New-SEER-15.2/instance-out.sql,80.72,1799843.96,250.35,5581995.98
CZ08/Rt3&0&cDXGF&New&dxAC_equip/NE-dxAC-PkgAC-18to33-New-SEER-16.2/instance-out.sql,80.36,1791770.81,249.14,5555031.68
CZ08/Rt3&0&cDXGF&New&dxAC_equip/NE-dxAC-PkgAC-18to33-New-SEER-17.1/instance-out.sql,80.07,1785316.58,248.17,5533474.54
CZ08/Rt3&0&cDXGF&New&dxAC_equip/NE-dxAC-PkgAC-18to33-New-SEER-18.1/instance-out.sql,79.80,1779180.72,247.26,5512980.76
CZ08/Rt3&0&cDXGF&New&dxAC_equip/NE-dxAC-PkgAC-33to65-New-SEER-13.4/instance-out.sql,78.04,1740129.88,241.41,5382546.35
CZ08/Rt3&0&cDXGF&New&dxAC_equip/NE-dxAC-PkgAC-33to65-New-SEER-15.2/instance-out.sql,77.40,1725764.47,239.25,5334565.86
CZ08/Rt3&0&cDXGF&New&dxAC_equip/NE-dxAC-PkgAC-33to65-New-SEER-16.2/instance-out.sql,77.14,1719962.69,238.38,5315187.92
CZ08/Rt3&0&cDXGF&New&dxAC_equip/NE-dxAC-PkgAC-33to65-New-SEER-17.1/instance-out.sql,76.93,1715324.34,237.69,5299695.85
CZ08/Rt3&0&cDXGF&New&dxAC_equip/NE-dxAC-PkgAC-33to65-New-SEER-18.1/instance-out.sql,76.73,1710914.80,237.03,5284967.97
CZ08/RtL&0&cDXGF&New&dxAC_equip/NE-dxAC-PkgAC-18to33-New-SEER-13.4/instance-out.sql,136.66,1656865.16,425.40,5157591.48
CZ08/RtL&0&cDXGF&New&dxAC_equip/NE-dxAC-PkgAC-18to33-New-SEER-15.2/instance-out.sql,135.26,1639856.73,420.72,5100783.34
CZ08/RtL&0&cDXGF&New&dxAC_equip/NE-dxAC-PkgAC-18to33-New-SEER-16.2/instance-out.sql,134.69,1632987.52,418.83,5077840.17
CZ08/RtL&0&cDXGF&New&dxAC_equip/NE-dxAC-PkgAC-18to33-New-SEER-17.1/instance-out.sql,134.24,1627495.79,417.31,5059497.80
CZ08/RtL&0&cDXGF&New&dxAC_equip/NE-dxAC-PkgAC-18to33-New-SEER-18.1/instance-out.sql,133.81,1622274.96,415.87,5042060.22
CZ08/RtL&0&cDXGF&New&dxAC_equip/NE-dxAC-PkgAC-33to65-New-SEER-13.4/instance-out.sql,131.14,1589907.41,406.96,4933942.92
CZ08/RtL&0&cDXGF&New&dxAC_equip/NE-dxAC-PkgAC-33to65-New-SEER-15.2/instance-out.sql,130.12,1577623.78,403.57,4892915.60
CZ08/RtL&0&cDXGF&New&dxAC_equip/NE-dxAC-PkgAC-33to65-New-SEER-16.2/instance-out.sql,129.71,1572662.78,402.21,4876345.85
CZ08/RtL&0&cDXGF&New&dxAC_equip/NE-dxAC-PkgAC-33to65-New-SEER-17.1/instance-out.sql,129.39,1568696.61,401.11,4863098.84
CZ08/RtL&0&cDXGF&New&dxAC_equip/NE-dxAC-PkgAC-33to65-New-SEER-18.1/instance-out.sql,129.08,1564926.08,400.07,4850505.27
CZ08/RtS&0&cDXGF&New&dxAC_equip/NE-dxAC-PkgAC-18to33-New-SEER-13.4/instance-out.sql,79.76,118584.64,236.85,352117.24
CZ08/RtS&0&cDXGF&New&dxAC_equip/NE-dxAC-PkgAC-18to33-New-SEER-15.2/instance-out.sql,78.87,117259.92,233.87,347692.66
CZ08/RtS&0&cDXGF&New&dxAC_equip/NE-dxAC-PkgAC-18to33-New-SEER-16.2/instance-out.sql,78.51,116724.90,232.67,345905.69
CZ08/RtS&0&cDXGF&New&dxAC_equip/NE-dxAC-PkgAC-18to33-New-SEER-17.1/instance-out.sql,78.23,116297.17,231.71,344477.07
CZ08/RtS&0&cDXGF&New&dxAC_equip/NE-dxAC-PkgAC-18to33-New-SEER-18.1/instance-out.sql,77.95,115890.53,230.79,343118.92
CZ08/RtS&0&cDXGF&New&dxAC_equip/NE-dxAC-PkgAC-33to65-New-SEER-13.4/instance-out.sql,76.60,113881.35,226.28,336407.69
CZ08/RtS&0&cDXGF&New&dxAC_equip/NE-dxAC-PkgAC-33to65-New-SEER-15.2/instance-out.sql,75.93,112888.50,224.05,333091.58
CZ08/RtS&0&cDXGF&New&dxAC_equip/NE-dxAC-PkgAC-33to65-New-SEER-16.2/instance-out.sql,75.66,112487.52,223.15,331752.30
CZ08/RtS&0&cDXGF&New&dxAC_equip/NE-dxAC-PkgAC-33to65-New-SEER-17.1/instance-out.sql,75.45,112166.95,222.43,330681.59
CZ08/RtS&0&cDXGF&New&dxAC_equip/NE-dxAC-PkgAC-33to65-New-SEER-18.1/instance-out.sql,75.24,111862.19,221.74,329663.69
CZ08/SCn&0&cDXGF&New&dxAC_equip/NE-dxAC-PkgAC-18to33-New-SEER-13.4/instance-out.sql,54.34,2524189.75,170.18,7905022.74
CZ08/SCn&0&cDXGF&New&dxAC_equip/NE-dxAC-PkgAC-18to33-New-SEER-15.2/instance-out.sql,53.87,2502326.88,168.61,7832000.75
CZ08/SCn&0&cDXGF&New&dxAC_equip/NE-dxAC-PkgAC-18to33-New-SEER-16.2/instance-out.sql,53.68,2493497.10,167.97,7802509.28
CZ08/SCn&0&cDXGF&New&dxAC_equip/NE-dxAC-PkgAC-18to33-New-SEER-17.1/instance-out.sql,53.53,2486437.96,167.47,7778931.75
CZ08/SCn&0&cDXGF&New&dxAC_equip/NE-dxAC-PkgAC-18to33-New-SEER-18.1/instance-out.sql,53.38,2479727.03,166.98,7756517.23
CZ08/SCn&0&cDXGF&New&dxAC_equip/NE-dxAC-PkgAC-33to65-New-SEER-13.4/instance-out.sql,53.08,2465821.79,165.98,7710071.68
CZ08/SCn&0&cDXGF&New&dxAC_equip/NE-dxAC-PkgAC-33to65-New-SEER-15.2/instance-out.sql,52.70,2448077.40,164.71,7650805.44
CZ08/SCn&0&cDXGF&New&dxAC_equip/NE-dxAC-PkgAC-33to65-New-SEER-16.2/instance-out.sql,52.55,2440910.96,164.19,7626869.51
CZ08/SCn&0&cDXGF&New&dxAC_equip/NE-dxAC-PkgAC-33to65-New-SEER-17.1/instance-out.sql,52.43,2435181.60,163.78,7607733.46
CZ08/SCn&0&cDXGF&New&dxAC_equip/NE-dxAC-PkgAC-33to65-New-SEER-18.1/instance-out.sql,52.31,2429734.86,163.39,7589541.35

File Name,Total (kWh),Heating (kWh),Cooling (kWh),Interior Lighting (kWh),Exterior Lighting (kWh),Interior Equipment (kWh),Exterior Equipment (kWh),Fans (kWh),Pumps (kWh),Heat Rejection (kWh),Humidification (kWh),Heat Recovery (kWh),Water Systems (kWh),Refrigeration (kWh),Generators (kWh),Heating Elec (kWh),Cooling Elec (kWh),Heating NG (kWh),Cooling NG (kWh),Interior Equipment Elec (kWh),Interior Equipment NG (kWh)
CZ07/Asm&0&cDXGF&New&dxAC_equip/NE-dxAC-PkgAC-18to33-New-SEER-13.4/instance-out.sql,555654.27,43794.65,87164.73,76844.55,0.0,145823.51,0.0,180749.25,3.36,0.0,0.0,0.0,21274.22,0.0,0.0,0.00,87164.73,43794.65,0.00,145823.51,0.00
CZ07/Asm&0&cDXGF&New&dxAC_equip/NE-dxAC-PkgAC-18to33-New-SEER-15.2/instance-out.sql,549503.9600000001,43794.65,81014.42,76844.55,0.0,145823.51,0.0,180749.25,3.36,0.0,0.0,0.0,21274.22,0.0,0.0,0.00,81014.42,43794.65,0.00,145823.51,0.00
CZ07/Asm&0&cDXGF&New&dxAC_equip/NE-dxAC-PkgAC-18to33-New-SEER-16.2/instance-out.sql,547020.02,43794.65,78530.48,76844.55,0.0,145823.51,0.0,180749.25,3.36,0.0,0.0,0.0,21274.22,0.0,0.0,0.00,78530.48,43794.65,0.00,145823.51,0.00
CZ07/Asm&0&cDXGF&New&dxAC_equip/NE-dxAC-PkgAC-18to33-New-SEER-17.1/instance-out.sql,545034.2000000001,43794.65,76544.66,76844.55,0.0,145823.51,0.0,180749.25,3.36,0.0,0.0,0.0,21274.22,0.0,0.0,0.00,76544.66,43794.65,0.00,145823.51,0.00
CZ07/Asm&0&cDXGF&New&dxAC_equip/NE-dxAC-PkgAC-18to33-New-SEER-18.1/instance-out.sql,543146.3200000001,43794.65,74656.78,76844.55,0.0,145823.51,0.0,180749.25,3.36,0.0,0.0,0.0,21274.22,0.0,0.0,0.00,74656.78,43794.65,0.00,145823.51,0.00
CZ07/Asm&0&cDXGF&New&dxAC_equip/NE-dxAC-PkgAC-33to65-New-SEER-13.4/instance-out.sql,543724.86,43799.71,75230.26,76844.55,0.0,145823.51,0.0,180749.25,3.36,0.0,0.0,0.0,21274.22,0.0,0.0,0.00,75230.26,43799.71,0.00,145823.51,0.00
CZ07/Asm&0&cDXGF&New&dxAC_equip/NE-dxAC-PkgAC-33to65-New-SEER-15.2/instance-out.sql,538416.64,43799.71,69922.04,76844.55,0.0,145823.51,0.0,180749.25,3.36,0.0,0.0,0.0,21274.22,0.0,0.0,0.00,69922.04,43799.71,0.00,145823.51,0.00
CZ07/Asm&0&cDXGF&New&dxAC_equip/NE-dxAC-PkgAC-33to65-New-SEER-16.2/instance-out.sql,536272.81,43799.71,67778.21,76844.55,0.0,145823.51,0.0,180749.25,3.36,0.0,0.0,0.0,21274.22,0.0,0.0,0.00,67778.21,43799.71,0.00,145823.51,0.00
CZ07/Asm&0&cDXGF&New&dxAC_equip/NE-dxAC-PkgAC-33to65-New-SEER-17.1/instance-out.sql,534558.87,43799.71,66064.27,76844.55,0.0,145823.51,0.0,180749.25,3.36,0.0,0.0,0.0,21274.22,0.0,0.0,0.00,66064.27,43799.71,0.00,145823.51,0.00
CZ07/Asm&0&cDXGF&New&dxAC_equip/NE-dxAC-PkgAC-33to65-New-SEER-18.1/instance-out.sql,532929.49,43799.71,64434.89,76844.55,0.0,145823.51,0.0,180749.25,3.36,0.0,0.0,0.0,21274.22,0.0,0.0,0.00,64434.89,43799.71,0.00,145823.51,0.00
CZ07/ECC&0&cDXGF&New&dxAC_equip/NE-dxAC-PkgAC-18to33-New-SEER-13.4/instance-out.sql,2350724.15,16684.3,292607.85,167224.54,0.0,1013813.91,0.0,447577.24,934.77,0.0,0.0,0.0,411881.52,0.0,0.0,0.00,292607.85,16684.30,0.00,945189.93,68623.98
CZ07/ECC&0&cDXGF&New&dxAC_equip/NE-dxAC-PkgAC-18to33-New-SEER-15.2/instance-out.sql,2334590.62,16684.3,276474.32,167224.54,0.0,1013813.91,0.0,447577.24,934.77,0.0,0.0,0.0,411881.52,0.0,0.0,0.00,276474.32,16684.30,0.00,945189.93,68623.98
CZ07/ECC&0&cDXGF&New&dxAC_equip/NE-dxAC-PkgAC-18to33-New-SEER-16.2/instance-out.sql,2328074.76,16684.3,269958.46,167224.54,0.0,1013813.91,0.0,447577.24,934.77,0.0,0.0,0.0,411881.52,0.0,0.0,0.00,269958.46,16684.30,0.00,945189.93,68623.98
CZ07/ECC&0&cDXGF&New&dxAC_equip/NE-dxAC-PkgAC-18to33-New-SEER-17.1/instance-out.sql,2322865.52,16684.3,264749.22,167224.54,0.0,1013813.91,0.0,447577.24,934.77,0.0,0.0,0.0,411881.52,0.0,0.0,0.00,264749.22,16684.30,0.00,945189.93,68623.98
CZ07/ECC&0&cDXGF&New&dxAC_equip/NE-dxAC-PkgAC-18to33-New-SEER-18.1/instance-out.sql,2317913.25,16684.3,259796.95,167224.54,0.0,1013813.91,0.0,447577.24,934.77,0.0,0.0,0.0,411881.52,0.0,0.0,0.00,259796.95,16684.30,0.00,945189.93,68623.98
CZ07/ECC&0&cDXGF&New&dxAC_equip/NE-dxAC-PkgAC-33to65-New-SEER-13.4/instance-out.sql,2281004.15,16690.38,222883.7,167224.54,0.0,1013813.91,0.0,447585.05,934.77,0.0,0.0,0.0,411871.78,0.0,0.0,0.00,222883.70,16690.38,0.00,945189.93,68623.98
CZ07/ECC&0&cDXGF&New&dxAC_equip/NE-dxAC-PkgAC-33to65-New-SEER-15.2/instance-out.sql,2269790.22,16690.38,211669.77,167224.54,0.0,1013813.91,0.0,447585.05,934.77,0.0,0.0,0.0,411871.78,0.0,0.0,0.00,211669.77,16690.38,0.00,945189.93,68623.98
CZ07/ECC&0&cDXGF&New&dxAC_equip/NE-dxAC-PkgAC-33to65-New-SEER-16.2/instance-out.sql,2265261.23,16690.38,207140.79,167224.54,0.0,1013813.91,0.0,447585.05,934.77,0.0,0.0,0.0,411871.78,0.0,0.0,0.00,207140.79,16690.38,0.00,945189.93,68623.98
CZ07/ECC&0&cDXGF&New&dxAC_equip/NE-dxAC-PkgAC-33to65-New-SEER-17.1/instance-out.sql,2261640.45,16690.38,203520.0,167224.54,0.0,1013813.91,0.0,447585.05,934.77,0.0,0.0,0.0,411871.78,0.0,0.0,0.00,203520.00,16690.38,0.00,945189.93,68623.98
CZ07/ECC&0&cDXGF&New&dxAC_equip/NE-dxAC-PkgAC-33to65-New-SEER-18.1/instance-out.sql,2258198.27,16690.38,200077.82,167224.54,0.0,1013813.91,0.0,447585.05,934.77,0.0,0.0,0.0,411871.78,0.0,0.0,0.00,200077.82,16690.38,0.00,945189.93,68623.98
CZ07/EPr&0&cDXGF&New&dxAC_equip/NE-dxAC-PkgAC-18to33-New-SEER-13.4/instance-out.sql,343369.44,5334.2,41189.42,30835.78,0.0,125897.03,0.0,61083.24,3.37,0.0,0.0,0.0,79026.4,0.0,0.0,0.00,41189.42,5334.20,0.00,83226.75,42670.28
CZ07/EPr&0&cDXGF&New&dxAC_equip/NE-dxAC-PkgAC-18to33-New-SEER-15.2/instance-out.sql,341235.91000000003,5334.2,39055.89,30835.78,0.0,125897.03,0.0,61083.24,3.37,0.0,0.0,0.0,79026.4,0.0,0.0,0.00,39055.89,5334.20,0.00,83226.75,42670.28
CZ07/EPr&0&cDXGF&New&dxAC_equip/NE-dxAC-PkgAC-18to33-New-SEER-16.2/instance-out.sql,340374.24,5334.2,38194.21,30835.78,0.0,125897.03,0.0,61083.24,3.37,0.0,0.0,0.0,79026.4,0.0,0.0,0.00,38194.21,5334.20,0.00,83226.75,42670.28
CZ07/EPr&0&cDXGF&New&dxAC_equip/NE-dxAC-PkgAC-18to33-New-SEER-17.1/instance-out.sql,339685.36,5334.2,37505.33,30835.78,0.0,125897.03,0.0,61083.24,3.37,0.0,0.0,0.0,79026.4,0.0,0.0,0.00,37505.33,5334.20,0.00,83226.75,42670.28
CZ07/EPr&0&cDXGF&New&dxAC_equip/NE-dxAC-PkgAC-18to33-New-SEER-18.1/instance-out.sql,339030.45999999996,5334.2,36850.44,30835.78,0.0,125897.03,0.0,61083.24,3.37,0.0,0.0,0.0,79026.4,0.0,0.0,0.00,36850.44,5334.20,0.00,83226.75,42670.28
CZ07/EPr&0&cDXGF&New&dxAC_equip/NE-dxAC-PkgAC-33to65-New-SEER-13.4/instance-out.sql,338010.73,5338.65,35826.26,30835.78,0.0,125897.03,0.0,61083.24,3.37,0.0,0.0,0.0,79026.4,0.0,0.0,0.00,35826.26,5338.65,0.00,83226.75,42670.28
CZ07/EPr&0&cDXGF&New&dxAC_equip/NE-dxAC-PkgAC-33to65-New-SEER-15.2/instance-out.sql,336255.61,5338.65,34071.14,30835.78,0.0,125897.03,0.0,61083.24,3.37,0.0,0.0,0.0,79026.4,0.0,0.0,0.00,34071.14,5338.65,0.00,83226.75,42670.28
CZ07/EPr&0&cDXGF&New&dxAC_equip/NE-dxAC-PkgAC-33to65-New-SEER-16.2/instance-out.sql,335546.77,5338.65,33362.3,30835.78,0.0,125897.03,0.0,61083.24,3.37,0.0,0.0,0.0,79026.4,0.0,0.0,0.00,33362.30,5338.65,0.00,83226.75,42670.28
CZ07/EPr&0&cDXGF&New&dxAC_equip/NE-dxAC-PkgAC-33to65-New-SEER-17.1/instance-out.sql,334980.07,5338.65,32795.6,30835.78,0.0,125897.03,0.0,61083.24,3.37,0.0,0.0,0.0,79026.4,0.0,0.0,0.00,32795.60,5338.65,0.00,83226.75,42670.28
CZ07/EPr&0&cDXGF&New&dxAC_equip/NE-dxAC-PkgAC-33to65-New-SEER-18.1/instance-out.sql,334441.33,5338.65,32256.85,30835.78,0.0,125897.03,0.0,61083.24,3.37,0.0,0.0,0.0,79026.4,0.0,0.0,0.00,32256.85,5338.65,0.00,83226.75,42670.28
CZ07/ERC&0&cDXGF&New&dxAC_equip/NE-dxAC-PkgAC-18to33-New-SEER-13.4/instance-out.sql,16538.88,390.55,1233.03,1016.35,0.0,2196.82,0.0,2653.07,3.36,0.0,0.0,0.0,9045.7,0.0,0.0,0.00,1233.03,390.55,0.00,2196.82,0.00
CZ07/ERC&0&cDXGF&New&dxAC_equip/NE-dxAC-PkgAC-18to33-New-SEER-15.2/instance-out.sql,16451.87,390.55,1146.02,1016.35,0.0,2196.82,0.0,2653.07,3.36,0.0,0.0,0.0,9045.7,0.0,0.0,0.00,1146.02,390.55,0.00,2196.82,0.00
CZ07/ERC&0&cDXGF&New&dxAC_equip/NE-dxAC-PkgAC-18to33-New-SEER-16.2/instance-out.sql,16416.739999999998,390.55,1110.89,1016.35,0.0,2196.82,0.0,2653.07,3.36,0.0,0.0,0.0,9045.7,0.0,0.0,0.00,1110.89,390.55,0.00,2196.82,0.00
CZ07/ERC&0&cDXGF&New&dxAC_equip/NE-dxAC-PkgAC-18to33-New-SEER-17.1/instance-out.sql,16388.64,390.55,1082.8,1016.35,0.0,2196.82,0.0,2653.07,3.36,0.0,0.0,0.0,9045.7,0.0,0.0,0.00,1082.80,390.55,0.00,2196.82,0.00
CZ07/ERC&0&cDXGF&New&dxAC_equip/NE-dxAC-PkgAC-18to33-New-SEER-18.1/instance-out.sql,16361.939999999999,390.55,1056.09,1016.35,0.0,2196.82,0.0,2653.07,3.36,0.0,0.0,0.0,9045.7,0.0,0.0,0.00,1056.09,390.55,0.00,2196.82,0.00
CZ07/ERC&0&cDXGF&New&dxAC_equip/NE-dxAC-PkgAC-33to65-New-SEER-13.4/instance-out.sql,16275.029999999999,390.6,969.13,1016.35,0.0,2196.82,0.0,2653.07,3.36,0.0,0.0,0.0,9045.7,0.0,0.0,0.00,969.13,390.60,0.00,2196.82,0.00
CZ07/ERC&0&cDXGF&New&dxAC_equip/NE-dxAC-PkgAC-33to65-New-SEER-15.2/instance-out.sql,16206.65,390.6,900.75,1016.35,0.0,2196.82,0.0,2653.07,3.36,0.0,0.0,0.0,9045.7,0.0,0.0,0.00,900.75,390.60,0.00,2196.82,0.00
CZ07/ERC&0&cDXGF&New&dxAC_equip/NE-dxAC-PkgAC-33to65-New-SEER-16.2/instance-out.sql,16179.029999999999,390.6,873.13,1016.35,0.0,2196.82,0.0,2653.07,3.36,0.0,0.0,0.0,9045.7,0.0,0.0,0.00,873.13,390.60,0.00,2196.82,0.00
CZ07/ERC&0&cDXGF&New&dxAC_equip/NE-dxAC-PkgAC-33to65-New-SEER-17.1/instance-out.sql,16156.949999999999,390.6,851.05,1016.35,0.0,2196.82,0.0,2653.07,3.36,0.0,0.0,0.0,9045.7,0.0,0.0,0.00,851.05,390.60,0.00,2196.82,0.00
CZ07/ERC&0&cDXGF&New&dxAC_equip/NE-dxAC-PkgAC-33to65-New-SEER-18.1/instance-out.sql,16135.96,390.6,830.06,1016.35,0.0,2196.82,0.0,2653.07,3.36,0.0,0.0,0.0,9045.7,0.0,0.0,0.00,830.06,390.60,0.00,2196.82,0.00
CZ07/ESe&0&cDXGF&New&dxAC_equip/NE-dxAC-PkgAC-18to33-New-SEER-13.4/instance-out.sql,968952.78,34224.68,105288.12,94750.45,0.0,323176.74,0.0,196192.27,3.39,0.0,0.0,0.0,215317.13,0.0,0.0,0.00,105288.12,34224.68,0.00,259085.82,64090.92
CZ07/ESe&0&cDXGF&New&dxAC_equip/NE-dxAC-PkgAC-18to33-New-SEER-15.2/instance-out.sql,966267.51,34224.68,102602.84,94750.45,0.0,323176.74,0.0,196192.27,3.39,0.0,0.0,0.0,215317.13,0.0,0.0,0.00,102602.84,34224.68,0.00,259085.82,64090.92
CZ07/ESe&0&cDXGF&New&dxAC_equip/NE-dxAC-PkgAC-18to33-New-SEER-16.2/instance-out.sql,965183.0,34224.68,101518.34,94750.45,0.0,323176.74,0.0,196192.27,3.39,0.0,0.0,0.0,215317.13,0.0,0.0,0.00,101518.34,34224.68,0.00,259085.82,64090.92
CZ07/ESe&0&cDXGF&New&dxAC_equip/NE-dxAC-PkgAC-18to33-New-SEER-17.1/instance-out.sql,964315.97,34224.68,100651.31,94750.45,0.0,323176.74,0.0,196192.27,3.39,0.0,0.0,0.0,215317.13,0.0,0.0,0.00,100651.31,34224.68,0.00,259085.82,64090.92
CZ07/ESe&0&cDXGF&New&dxAC_equip/NE-dxAC-PkgAC-18to33-New-SEER-18.1/instance-out.sql,963491.71,34224.68,99827.05,94750.45,0.0,323176.74,0.0,196192.27,3.39,0.0,0.0,0.0,215317.13,0.0,0.0,0.00,99827.05,34224.68,0.00,259085.82,64090.92
CZ07/ESe&0&cDXGF&New&dxAC_equip/NE-dxAC-PkgAC-33to65-New-SEER-13.4/instance-out.sql,959024.08,34225.21,95359.2,94750.45,0.0,323176.74,0.0,196191.96,3.39,0.0,0.0,0.0,215317.13,0.0,0.0,0.00,95359.20,34225.21,0.00,259085.82,64090.92
CZ07/ESe&0&cDXGF&New&dxAC_equip/NE-dxAC-PkgAC-33to65-New-SEER-15.2/instance-out.sql,957039.35,34225.21,93374.47,94750.45,0.0,323176.74,0.0,196191.96,3.39,0.0,0.0,0.0,215317.13,0.0,0.0,0.00,93374.47,34225.21,0.00,259085.82,64090.92
CZ07/ESe&0&cDXGF&New&dxAC_equip/NE-dxAC-PkgAC-33to65-New-SEER-16.2/instance-out.sql,956237.78,34225.21,92572.89,94750.45,0.0,323176.74,0.0,196191.96,3.39,0.0,0.0,0.0,215317.13,0.0,0.0,0.00,92572.89,34225.21,0.00,259085.82,64090.92
CZ07/ESe&0&cDXGF&New&dxAC_equip/NE-dxAC-PkgAC-33to65-New-SEER-17.1/instance-out.sql,955596.9400000001,34225.21,91932.06,94750.45,0.0,323176.74,0.0,196191.96,3.39,0.0,0.0,0.0,215317.13,0.0,0.0,0.00,91932.06,34225.21,0.00,259085.82,64090.92
CZ07/ESe&0&cDXGF&New&dxAC_equip/NE-dxAC-PkgAC-33to65-New-SEER-18.1/instance-out.sql,954987.72,34225.21,91322.83,94750.45,0.0,323176.74,0.0,196191.96,3.39,0.0,0.0,0.0,215317.13,0.0,0.0,0.00,91322.83,34225.21,0.00,259085.82,64090.92
CZ07/EUn&0&cDXGF&New&dxAC_equip/NE-dxAC-PkgAC-18to33-New-SEER-13.4/instance-out.sql,7421902.52,23086.26,947046.22,644388.1,0.0,3682881.23,0.0,1428755.37,3.37,0.0,0.0,0.0,695741.97,0.0,0.0,0.00,947046.22,23086.26,0.00,3555459.15,127422.08
CZ07/EUn&0&cDXGF&New&dxAC_equip/NE-dxAC-PkgAC-18to33-New-SEER-15.2/instance-out.sql,7372649.48,23086.26,897793.18,644388.1,0.0,3682881.23,0.0,1428755.37,3.37,0.0,0.0,0.0,695741.97,0.0,0.0,0.00,897793.18,23086.26,0.00,3555459.15,127422.08
CZ07/EUn&0&cDXGF&New&dxAC_equip/NE-dxAC-PkgAC-18to33-New-SEER-16.2/instance-out.sql,7352757.6,23086.26,877901.3,644388.1,0.0,3682881.23,0.0,1428755.37,3.37,0.0,0.0,0.0,695741.97,0.0,0.0,0.00,877901.30,23086.26,0.00,3555459.15,127422.08
CZ07/EUn&0&cDXGF&New&dxAC_equip/NE-dxAC-PkgAC-18to33-New-SEER-17.1/instance-out.sql,7336854.640000001,23086.26,861998.35,644388.1,0.0,3682881.23,0.0,1428755.37,3.37,0.0,0.0,0.0,695741.97,0.0,0.0,0.00,861998.35,23086.26,0.00,3555459.15,127422.08
CZ07/EUn&0&cDXGF&New&dxAC_equip/NE-dxAC-PkgAC-18to33-New-SEER-18.1/instance-out.sql,7321736.140000001,23086.26,846879.84,644388.1,0.0,3682881.23,0.0,1428755.37,3.37,0.0,0.0,0.0,695741.97,0.0,0.0,0.00,846879.84,23086.26,0.00,3555459.15,127422.08
CZ07/EUn&0&cDXGF&New&dxAC_equip/NE-dxAC-PkgAC-33to65-New-SEER-13.4/instance-out.sql,7165964.779999999,23110.68,691087.5,644388.1,0.0,3682881.23,0.0,1428751.93,3.37,0.0,0.0,0.0,695741.97,0.0,0.0,0.00,691087.50,23110.68,0.00,3555459.15,127422.08
CZ07/EUn&0&cDXGF&New&dxAC_equip/NE-dxAC-PkgAC-33to65-New-SEER-15.2/instance-out.sql,7134771.92,23110.68,659894.64,644388.1,0.0,3682881.23,0.0,1428751.93,3.37,0.0,0.0,0.0,695741.97,0.0,0.0,0.00,659894.64,23110.68,0.00,3555459.15,127422.08
CZ07/EUn&0&cDXGF&New&dxAC_equip/NE-dxAC-PkgAC-33to65-New-SEER-16.2/instance-out.sql,7122174.02,23110.68,647296.74,644388.1,0.0,3682881.23,0.0,1428751.93,3.37,0.0,0.0,0.0,695741.97,0.0,0.0,0.00,647296.74,23110.68,0.00,3555459.15,127422.08
CZ07/EUn&0&cDXGF&New&dxAC_equip/NE-dxAC-PkgAC-33to65-New-SEER-17.1/instance-out.sql,7112102.380000001,23110.68,637225.1,644388.1,0.0,3682881.23,0.0,1428751.93,3.37,0.0,0.0,0.0,695741.97,0.0,0.0,0.00,637225.10,23110.68,0.00,3555459.15,127422.08
CZ07/EUn&0&cDXGF&New&dxAC_equip/NE-dxAC-PkgAC-33to65-New-SEER-18.1/instance-out.sql,7102527.5600000005,23110.68,627650.28,644388.1,0.0,3682881.23,0.0,1428751.93,3.37,0.0,0.0,0.0,695741.97,0.0,0.0,0.00,627650.28,23110.68,0.00,3555459.15,127422.08
CZ07/Gro&0&cDXGF&New&dxAC_equip/NE-dxAC-PkgAC-18to33-New-SEER-13.4/instance-out.sql,1863395.7899999998,52354.89,23459.11,157111.61,0.0,177584.03,0.0,107117.21,3.38,0.0,0.0,0.0,56235.99,1289529.55,0.0,0.00,23459.11,52354.89,0.00,177584.03,0.00
CZ07/Gro&0&cDXGF&New&dxAC_equip/NE-dxAC-PkgAC-18to33-New-SEER-15.2/instance-out.sql,1861740.5199999998,52354.89,21803.84,157111.61,0.0,177584.03,0.0,107117.21,3.38,0.0,0.0,0.0,56235.99,1289529.55,0.0,0.00,21803.84,52354.89,0.00,177584.03,0.00
CZ07/Gro&0&cDXGF&New&dxAC_equip/NE-dxAC-PkgAC-18to33-New-SEER-16.2/instance-out.sql,1861072.01,52354.89,21135.33,157111.61,0.0,177584.03,0.0,107117.21,3.38,0.0,0.0,0.0,56235.99,1289529.55,0.0,0.00,21135.33,52354.89,0.00,177584.03,0.00
CZ07/Gro&0&cDXGF&New&dxAC_equip/NE-dxAC-PkgAC-18to33-New-SEER-17.1/instance-out.sql,1860537.5499999998,52354.89,20600.87,157111.61,0.0,177584.03,0.0,107117.21,3.38,0.0,0.0,0.0,56235.99,1289529.55,0.0,0.00,20600.87,52354.89,0.00,177584.03,0.00
CZ07/Gro&0&cDXGF&New&dxAC_equip/NE-dxAC-PkgAC-18to33-New-SEER-18.1/instance-out.sql,1860029.46,52354.89,20092.78,157111.61,0.0,177584.03,0.0,107117.21,3.38,0.0,0.0,0.0,56235.99,1289529.55,0.0,0.00,20092.78,52354.89,0.00,177584.03,0.00
CZ07/Gro&0&cDXGF&New&dxAC_equip/NE-dxAC-PkgAC-33to65-New-SEER-13.4/instance-out.sql,1859468.09,52354.25,19037.99,157111.61,0.0,177584.03,0.0,107117.21,3.38,0.0,0.0,0.0,56235.99,1290023.61,0.0,0.00,19037.99,52354.25,0.00,177584.03,0.00
CZ07/Gro&0&cDXGF&New&dxAC_equip/NE-dxAC-PkgAC-33to65-New-SEER-15.2/instance-out.sql,1858124.77,52354.25,17694.67,157111.61,0.0,177584.03,0.0,107117.21,3.38,0.0,0.0,0.0,56235.99,1290023.61,0.0,0.00,17694.67,52354.25,0.00,177584.03,0.00
CZ07/Gro&0&cDXGF&New&dxAC_equip/NE-dxAC-PkgAC-33to65-New-SEER-16.2/instance-out.sql,1857582.25,52354.25,17152.15,157111.61,0.0,177584.03,0.0,107117.21,3.38,0.0,0.0,0.0,56235.99,1290023.61,0.0,0.00,17152.15,52354.25,0.00,177584.03,0.00
CZ07/Gro&0&cDXGF&New&dxAC_equip/NE-dxAC-PkgAC-33to65-New-SEER-17.1/instance-out.sql,1857148.52,52354.25,16718.41,157111.61,0.0,177584.03,0.0,107117.21,3.38,0.0,0.0,0.0,56235.99,1290023.61,0.0,0.00,16718.41,52354.25,0.00,177584.03,0.00
CZ07/Gro&0&cDXGF&New&dxAC_equip/NE-dxAC-PkgAC-33to65-New-SEER-18.1/instance-out.sql,1856736.18,52354.25,16306.08,157111.61,0.0,177584.03,0.0,107117.21,3.38,0.0,0.0,0.0,56235.99,1290023.61,0.0,0.00,16306.08,52354.25,0.00,177584.03,0.00
CZ07/Hsp&0&cDXGF&New&dxAC_equip/NE-dxAC-PkgAC-18to33-New-SEER-13.4/instance-out.sql,3362967.92,95803.8,747492.49,625795.42,0.0,1182847.3,0.0,434387.62,33999.8,0.0,0.0,0.0,242641.49,0.0,0.0,0.00,747492.49,95803.80,0.00,1139112.10,43735.20
CZ07/Hsp&0&cDXGF&New&dxAC_equip/NE-dxAC-PkgAC-18to33-New-SEER-15.2/instance-out.sql,3353127.79,95803.8,737652.36,625795.42,0.0,1182847.3,0.0,434387.62,33999.8,0.0,0.0,0.0,242641.49,0.0,0.0,0.00,737652.36,95803.80,0.00,1139112.10,43735.20
CZ07/Hsp&0&cDXGF&New&dxAC_equip/NE-dxAC-PkgAC-18to33-New-SEER-16.2/instance-out.sql,3349153.6500000004,95803.8,733678.21,625795.42,0.0,1182847.3,0.0,434387.62,33999.8,0.0,0.0,0.0,242641.49,0.0,0.0,0.00,733678.21,95803.80,0.00,1139112.10,43735.20
CZ07/Hsp&0&cDXGF&New&dxAC_equip/NE-dxAC-PkgAC-18to33-New-SEER-17.1/instance-out.sql,3345976.4400000004,95803.8,730501.01,625795.42,0.0,1182847.3,0.0,434387.62,33999.8,0.0,0.0,0.0,242641.49,0.0,0.0,0.00,730501.01,95803.80,0.00,1139112.10,43735.20
CZ07/Hsp&0&cDXGF&New&dxAC_equip/NE-dxAC-PkgAC-18to33-New-SEER-18.1/instance-out.sql,3342955.96,95803.8,727480.52,625795.42,0.0,1182847.3,0.0,434387.62,33999.8,0.0,0.0,0.0,242641.49,0.0,0.0,0.00,727480.52,95803.80,0.00,1139112.10,43735.20
CZ07/Hsp&0&cDXGF&New&dxAC_equip/NE-dxAC-PkgAC-33to65-New-SEER-13.4/instance-out.sql,3304841.43,95820.54,689348.37,625795.42,0.0,1182847.3,0.0,434388.51,33999.8,0.0,0.0,0.0,242641.49,0.0,0.0,0.00,689348.37,95820.54,0.00,1139112.10,43735.20
CZ07/Hsp&0&cDXGF&New&dxAC_equip/NE-dxAC-PkgAC-33to65-New-SEER-15.2/instance-out.sql,3299103.84,95820.54,683610.79,625795.42,0.0,1182847.3,0.0,434388.51,33999.8,0.0,0.0,0.0,242641.49,0.0,0.0,0.00,683610.79,95820.54,0.00,1139112.10,43735.20
CZ07/Hsp&0&cDXGF&New&dxAC_equip/NE-dxAC-PkgAC-33to65-New-SEER-16.2/instance-out.sql,3296786.6,95820.54,681293.55,625795.42,0.0,1182847.3,0.0,434388.51,33999.8,0.0,0.0,0.0,242641.49,0.0,0.0,0.00,681293.55,95820.54,0.00,1139112.10,43735.20
CZ07/Hsp&0&cDXGF&New&dxAC_equip/NE-dxAC-PkgAC-33to65-New-SEER-17.1/instance-out.sql,3294934.03,95820.54,679440.98,625795.42,0.0,1182847.3,0.0,434388.51,33999.8,0.0,0.0,0.0,242641.49,0.0,0.0,0.00,679440.98,95820.54,0.00,1139112.10,43735.20
CZ07/Hsp&0&cDXGF&New&dxAC_equip/NE-dxAC-PkgAC-33to65-New-SEER-18.1/instance-out.sql,3293172.85,95820.54,677679.8,625795.42,0.0,1182847.3,0.0,434388.51,33999.8,0.0,0.0,0.0,242641.49,0.0,0.0,0.00,677679.80,95820.54,0.00,1139112.10,43735.20
CZ07/MBT&0&cDXGF&New&dxAC_equip/NE-dxAC-PkgAC-18to33-New-SEER-13.4/instance-out.sql,4829031.31,886631.29,250296.04,438466.02,0.0,2167645.51,0.0,924352.5,596.4,0.0,0.0,0.0,161043.53,0.0,0.0,0.00,250296.04,886631.29,0.00,1394057.91,773587.60
CZ07/MBT&0&cDXGF&New&dxAC_equip/NE-dxAC-PkgAC-18to33-New-SEER-15.2/instance-out.sql,4820402.36,886631.29,241667.09,438466.02,0.0,2167645.51,0.0,924352.5,596.4,0.0,0.0,0.0,161043.53,0.0,0.0,0.00,241667.09,886631.29,0.00,1394057.91,773587.60
CZ07/MBT&0&cDXGF&New&dxAC_equip/NE-dxAC-PkgAC-18to33-New-SEER-16.2/instance-out.sql,4816917.37,886631.29,238182.1,438466.02,0.0,2167645.51,0.0,924352.5,596.4,0.0,0.0,0.0,161043.53,0.0,0.0,0.00,238182.10,886631.29,0.00,1394057.91,773587.60
CZ07/MBT&0&cDXGF&New&dxAC_equip/NE-dxAC-PkgAC-18to33-New-SEER-17.1/instance-out.sql,4814131.2299999995,886631.29,235395.96,438466.02,0.0,2167645.51,0.0,924352.5,596.4,0.0,0.0,0.0,161043.53,0.0,0.0,0.00,235395.96,886631.29,0.00,1394057.91,773587.60
CZ07/MBT&0&cDXGF&New&dxAC_equip/NE-dxAC-PkgAC-18to33-New-SEER-18.1/instance-out.sql,4811482.52,886631.29,232747.26,438466.02,0.0,2167645.51,0.0,924352.5,596.4,0.0,0.0,0.0,161043.53,0.0,0.0,0.00,232747.26,886631.29,0.00,1394057.91,773587.60
CZ07/MBT&0&cDXGF&New&dxAC_equip/NE-dxAC-PkgAC-33to65-New-SEER-13.4/instance-out.sql,4786700.68,886639.37,207957.34,438466.02,0.0,2167645.51,0.0,924352.51,596.4,0.0,0.0,0.0,161043.53,0.0,0.0,0.00,207957.34,886639.37,0.00,1394057.91,773587.60
CZ07/MBT&0&cDXGF&New&dxAC_equip/NE-dxAC-PkgAC-33to65-New-SEER-15.2/instance-out.sql,4781059.06,886639.37,202315.71,438466.02,0.0,2167645.51,0.0,924352.51,596.4,0.0,0.0,0.0,161043.53,0.0,0.0,0.00,202315.71,886639.37,0.00,1394057.91,773587.60
CZ07/MBT&0&cDXGF&New&dxAC_equip/NE-dxAC-PkgAC-33to65-New-SEER-16.2/instance-out.sql,4778780.57,886639.37,200037.23,438466.02,0.0,2167645.51,0.0,924352.51,596.4,0.0,0.0,0.0,161043.53,0.0,0.0,0.00,200037.23,886639.37,0.00,1394057.91,773587.60
CZ07/MBT&0&cDXGF&New&dxAC_equip/NE-dxAC-PkgAC-33to65-New-SEER-17.1/instance-out.sql,4776958.99,886639.37,198215.64,438466.02,0.0,2167645.51,0.0,924352.51,596.4,0.0,0.0,0.0,161043.53,0.0,0.0,0.00,198215.64,886639.37,0.00,1394057.91,773587.60
CZ07/MBT&0&cDXGF&New&dxAC_equip/NE-dxAC-PkgAC-33to65-New-SEER-18.1/instance-out.sql,4775227.26,886639.37,196483.91,438466.02,0.0,2167645.51,0.0,924352.51,596.4,0.0,0.0,0.0,161043.53,0.0,0.0,0.00,196483.91,886639.37,0.00,1394057.91,773587.60
CZ07/MLI&0&cDXGF&New&dxAC_equip/NE-dxAC-PkgAC-18to33-New-SEER-13.4/instance-out.sql,835347.04,10087.93,109364.79,153603.74,0.0,239893.0,0.0,277194.48,3.37,0.0,0.0,0.0,45199.73,0.0,0.0,0.00,109364.79,10087.93,0.00,239893.00,0.00
CZ07/MLI&0&cDXGF&New&dxAC_equip/NE-dxAC-PkgAC-18to33-New-SEER-15.2/instance-out.sql,827630.3,10087.93,101648.06,153603.74,0.0,239893.0,0.0,277194.48,3.37,0.0,0.0,0.0,45199.73,0.0,0.0,0.00,101648.06,10087.93,0.00,239893.00,0.00
CZ07/MLI&0&cDXGF&New&dxAC_equip/NE-dxAC-PkgAC-18to33-New-SEER-16.2/instance-out.sql,824513.73,10087.93,98531.49,153603.74,0.0,239893.0,0.0,277194.48,3.37,0.0,0.0,0.0,45199.73,0.0,0.0,0.00,98531.49,10087.93,0.00,239893.00,0.00
CZ07/MLI&0&cDXGF&New&dxAC_equip/NE-dxAC-PkgAC-18to33-New-SEER-17.1/instance-out.sql,822022.13,10087.93,96039.89,153603.74,0.0,239893.0,0.0,277194.48,3.37,0.0,0.0,0.0,45199.73,0.0,0.0,0.00,96039.89,10087.93,0.00,239893.00,0.00
CZ07/MLI&0&cDXGF&New&dxAC_equip/NE-dxAC-PkgAC-18to33-New-SEER-18.1/instance-out.sql,819653.43,10087.93,93671.19,153603.74,0.0,239893.0,0.0,277194.48,3.37,0.0,0.0,0.0,45199.73,0.0,0.0,0.00,93671.19,10087.93,0.00,239893.00,0.00
CZ07/MLI&0&cDXGF&New&dxAC_equip/NE-dxAC-PkgAC-33to65-New-SEER-13.4/instance-out.sql,795999.68,10089.42,70015.94,153603.74,0.0,239893.0,0.0,277194.48,3.37,0.0,0.0,0.0,45199.73,0.0,0.0,0.00,70015.94,10089.42,0.00,239893.00,0.00
CZ07/MLI&0&cDXGF&New&dxAC_equip/NE-dxAC-PkgAC-33to65-New-SEER-15.2/instance-out.sql,791059.39,10089.42,65075.64,153603.74,0.0,239893.0,0.0,277194.48,3.37,0.0,0.0,0.0,45199.73,0.0,0.0,0.00,65075.64,10089.42,0.00,239893.00,0.00
CZ07/MLI&0&cDXGF&New&dxAC_equip/NE-dxAC-PkgAC-33to65-New-SEER-16.2/instance-out.sql,789064.14,10089.42,63080.4,153603.74,0.0,239893.0,0.0,277194.48,3.37,0.0,0.0,0.0,45199.73,0.0,0.0,0.00,63080.40,10089.42,0.00,239893.00,0.00
CZ07/MLI&0&cDXGF&New&dxAC_equip/NE-dxAC-PkgAC-33to65-New-SEER-17.1/instance-out.sql,787469.01,10089.42,61485.26,153603.74,0.0,239893.0,0.0,277194.48,3.37,0.0,0.0,0.0,45199.73,0.0,0.0,0.00,61485.26,10089.42,0.00,239893.00,0.00
CZ07/MLI&0&cDXGF&New&dxAC_equip/NE-dxAC-PkgAC-33to65-New-SEER-18.1/instance-out.sql,785952.55,10089.42,59968.81,153603.74,0.0,239893.0,0.0,277194.48,3.37,0.0,0.0,0.0,45199.73,0.0,0.0,0.00,59968.81,10089.42,0.00,239893.00,0.00
CZ07/Mtl&0&cDXGF&New&dxAC_equip/NE-dxAC-PkgAC-18to33-New-SEER-13.4/instance-out.sql,150093.39,2257.79,34550.85,34352.14,0.0,22443.33,0.0,48836.67,3.36,0.0,0.0,0.0,7649.24,0.0,0.0,0.00,34550.85,2257.79,0.00,22191.36,251.97
CZ07/Mtl&0&cDXGF&New&dxAC_equip/NE-dxAC-PkgAC-18to33-New-SEER-15.2/instance-out.sql,148078.34,2257.79,32535.8,34352.14,0.0,22443.33,0.0,48836.67,3.36,0.0,0.0,0.0,7649.24,0.0,0.0,0.00,32535.80,2257.79,0.00,22191.36,251.97
CZ07/Mtl&0&cDXGF&New&dxAC_equip/NE-dxAC-PkgAC-18to33-New-SEER-16.2/instance-out.sql,147264.52,2257.79,31721.98,34352.14,0.0,22443.33,0.0,48836.67,3.36,0.0,0.0,0.0,7649.24,0.0,0.0,0.00,31721.98,2257.79,0.00,22191.36,251.97
CZ07/Mtl&0&cDXGF&New&dxAC_equip/NE-dxAC-PkgAC-18to33-New-SEER-17.1/instance-out.sql,146613.89,2257.79,31071.35,34352.14,0.0,22443.33,0.0,48836.67,3.36,0.0,0.0,0.0,7649.24,0.0,0.0,0.00,31071.35,2257.79,0.00,22191.36,251.97
CZ07/Mtl&0&cDXGF&New&dxAC_equip/NE-dxAC-PkgAC-18to33-New-SEER-18.1/instance-out.sql,145995.36,2257.79,30452.82,34352.14,0.0,22443.33,0.0,48836.67,3.36,0.0,0.0,0.0,7649.24,0.0,0.0,0.00,30452.82,2257.79,0.00,22191.36,251.97
CZ07/Mtl&0&cDXGF&New&dxAC_equip/NE-dxAC-PkgAC-33to65-New-SEER-13.4/instance-out.sql,141447.0,2258.2,25904.07,34352.14,0.0,22443.33,0.0,48836.65,3.36,0.0,0.0,0.0,7649.24,0.0,0.0,0.00,25904.07,2258.20,0.00,22191.36,251.97
CZ07/Mtl&0&cDXGF&New&dxAC_equip/NE-dxAC-PkgAC-33to65-New-SEER-15.2/instance-out.sql,140042.05,2258.2,24499.13,34352.14,0.0,22443.33,0.0,48836.65,3.36,0.0,0.0,0.0,7649.24,0.0,0.0,0.00,24499.13,2258.20,0.00,22191.36,251.97
CZ07/Mtl&0&cDXGF&New&dxAC_equip/NE-dxAC-PkgAC-33to65-New-SEER-16.2/instance-out.sql,139474.63999999998,2258.2,23931.71,34352.14,0.0,22443.33,0.0,48836.65,3.36,0.0,0.0,0.0,7649.24,0.0,0.0,0.00,23931.71,2258.20,0.00,22191.36,251.97
CZ07/Mtl&0&cDXGF&New&dxAC_equip/NE-dxAC-PkgAC-33to65-New-SEER-17.1/instance-out.sql,139021.0,2258.2,23478.08,34352.14,0.0,22443.33,0.0,48836.65,3.36,0.0,0.0,0.0,7649.24,0.0,0.0,0.00,23478.08,2258.20,0.00,22191.36,251.97
CZ07/Mtl&0&cDXGF&New&dxAC_equip/NE-dxAC-PkgAC-33to65-New-SEER-18.1/instance-out.sql,138589.75,2258.2,23046.82,34352.14,0.0,22443.33,0.0,48836.65,3.36,0.0,0.0,0.0,7649.24,0.0,0.0,0.00,23046.82,2258.20,0.00,22191.36,251.97
CZ07/Nrs&0&cDXGF&New&dxAC_equip/NE-dxAC-PkgAC-18to33-New-SEER-13.4/instance-out.sql,775616.26,8843.5,92142.19,103109.51,0.0,347425.87,0.0,114941.78,21.76,0.0,0.0,0.0,109131.66,0.0,0.0,0.00,92142.19,8843.50,0.00,281574.59,65851.28
CZ07/Nrs&0&cDXGF&New&dxAC_equip/NE-dxAC-PkgAC-18to33-New-SEER-15.2/instance-out.sql,772685.19,8843.5,89211.11,103109.51,0.0,347425.87,0.0,114941.78,21.76,0.0,0.0,0.0,109131.66,0.0,0.0,0.00,89211.11,8843.50,0.00,281574.59,65851.28
CZ07/Nrs&0&cDXGF&New&dxAC_equip/NE-dxAC-PkgAC-18to33-New-SEER-16.2/instance-out.sql,771501.4099999999,8843.5,88027.34,103109.51,0.0,347425.87,0.0,114941.78,21.76,0.0,0.0,0.0,109131.66,0.0,0.0,0.00,88027.34,8843.50,0.00,281574.59,65851.28
CZ07/Nrs&0&cDXGF&New&dxAC_equip/NE-dxAC-PkgAC-18to33-New-SEER-17.1/instance-out.sql,770555.02,8843.5,87080.95,103109.51,0.0,347425.87,0.0,114941.78,21.76,0.0,0.0,0.0,109131.66,0.0,0.0,0.00,87080.95,8843.50,0.00,281574.59,65851.28
CZ07/Nrs&0&cDXGF&New&dxAC_equip/NE-dxAC-PkgAC-18to33-New-SEER-18.1/instance-out.sql,769655.31,8843.5,86181.24,103109.51,0.0,347425.87,0.0,114941.78,21.76,0.0,0.0,0.0,109131.66,0.0,0.0,0.00,86181.24,8843.50,0.00,281574.59,65851.28
CZ07/Nrs&0&cDXGF&New&dxAC_equip/NE-dxAC-PkgAC-33to65-New-SEER-13.4/instance-out.sql,761058.26,8799.15,77586.47,103109.51,0.0,347425.87,0.0,114957.99,21.68,0.0,0.0,0.0,109157.59,0.0,0.0,0.00,77586.47,8799.15,0.00,281574.59,65851.28
CZ07/Nrs&0&cDXGF&New&dxAC_equip/NE-dxAC-PkgAC-33to65-New-SEER-15.2/instance-out.sql,759155.4600000001,8799.15,75683.67,103109.51,0.0,347425.87,0.0,114957.99,21.68,0.0,0.0,0.0,109157.59,0.0,0.0,0.00,75683.67,8799.15,0.00,281574.59,65851.28
CZ07/Nrs&0&cDXGF&New&dxAC_equip/NE-dxAC-PkgAC-33to65-New-SEER-16.2/instance-out.sql,758386.98,8799.15,74915.18,103109.51,0.0,347425.87,0.0,114957.99,21.68,0.0,0.0,0.0,109157.59,0.0,0.0,0.00,74915.18,8799.15,0.00,281574.59,65851.28
CZ07/Nrs&0&cDXGF&New&dxAC_equip/NE-dxAC-PkgAC-33to65-New-SEER-17.1/instance-out.sql,757772.6,8799.15,74300.8,103109.51,0.0,347425.87,0.0,114957.99,21.68,0.0,0.0,0.0,109157.59,0.0,0.0,0.00,74300.80,8799.15,0.00,281574.59,65851.28
CZ07/Nrs&0&cDXGF&New&dxAC_equip/NE-dxAC-PkgAC-33to65-New-SEER-18.1/instance-out.sql,757188.52,8799.15,73716.73,103109.51,0.0,347425.87,0.0,114957.99,21.68,0.0,0.0,0.0,109157.59,0.0,0.0,0.00,73716.73,8799.15,0.00,281574.59,65851.28
CZ07/OfL&0&cDXGF&New&dxAC_equip/NE-dxAC-PkgAC-18to33-New-SEER-13.4/instance-out.sql,2138893.11,7619.51,402159.4,239041.7,0.0,829334.66,0.0,546460.95,3354.77,0.0,0.0,0.0,110922.12,0.0,0.0,0.00,402159.40,7619.51,0.00,829334.66,0.00
CZ07/OfL&0&cDXGF&New&dxAC_equip/NE-dxAC-PkgAC-18to33-New-SEER-15.2/instance-out.sql,2117245.03,7619.51,380511.32,239041.7,0.0,829334.66,0.0,546460.95,3354.77,0.0,0.0,0.0,110922.12,0.0,0.0,0.00,380511.32,7619.51,0.00,829334.66,0.00
CZ07/OfL&0&cDXGF&New&dxAC_equip/NE-dxAC-PkgAC-18to33-New-SEER-16.2/instance-out.sql,2108501.99,7619.51,371768.28,239041.7,0.0,829334.66,0.0,546460.95,3354.77,0.0,0.0,0.0,110922.12,0.0,0.0,0.00,371768.28,7619.51,0.00,829334.66,0.00
CZ07/OfL&0&cDXGF&New&dxAC_equip/NE-dxAC-PkgAC-18to33-New-SEER-17.1/instance-out.sql,2101512.2,7619.51,364778.49,239041.7,0.0,829334.66,0.0,546460.95,3354.77,0.0,0.0,0.0,110922.12,0.0,0.0,0.00,364778.49,7619.51,0.00,829334.66,0.00
CZ07/OfL&0&cDXGF&New&dxAC_equip/NE-dxAC-PkgAC-18to33-New-SEER-18.1/instance-out.sql,2094867.2000000002,7619.51,358133.49,239041.7,0.0,829334.66,0.0,546460.95,3354.77,0.0,0.0,0.0,110922.12,0.0,0.0,0.00,358133.49,7619.51,0.00,829334.66,0.00
CZ07/OfL&0&cDXGF&New&dxAC_equip/NE-dxAC-PkgAC-33to65-New-SEER-13.4/instance-out.sql,2002115.38,7620.31,265380.95,239041.7,0.0,829334.66,0.0,546460.86,3354.77,0.0,0.0,0.0,110922.12,0.0,0.0,0.00,265380.95,7620.31,0.00,829334.66,0.00
CZ07/OfL&0&cDXGF&New&dxAC_equip/NE-dxAC-PkgAC-33to65-New-SEER-15.2/instance-out.sql,1990118.3299999998,7620.31,253383.91,239041.7,0.0,829334.66,0.0,546460.86,3354.77,0.0,0.0,0.0,110922.12,0.0,0.0,0.00,253383.91,7620.31,0.00,829334.66,0.00
CZ07/OfL&0&cDXGF&New&dxAC_equip/NE-dxAC-PkgAC-33to65-New-SEER-16.2/instance-out.sql,1985273.0699999998,7620.31,248538.64,239041.7,0.0,829334.66,0.0,546460.86,3354.77,0.0,0.0,0.0,110922.12,0.0,0.0,0.00,248538.64,7620.31,0.00,829334.66,0.00
CZ07/OfL&0&cDXGF&New&dxAC_equip/NE-dxAC-PkgAC-33to65-New-SEER-17.1/instance-out.sql,1981399.43,7620.31,244665.01,239041.7,0.0,829334.66,0.0,546460.86,3354.77,0.0,0.0,0.0,110922.12,0.0,0.0,0.00,244665.01,7620.31,0.00,829334.66,0.00
CZ07/OfL&0&cDXGF&New&dxAC_equip/NE-dxAC-PkgAC-33to65-New-SEER-18.1/instance-out.sql,1977716.8699999999,7620.31,240982.44,239041.7,0.0,829334.66,0.0,546460.86,3354.77,0.0,0.0,0.0,110922.12,0.0,0.0,0.00,240982.44,7620.31,0.00,829334.66,0.00
CZ07/OfS&0&cDXGF&New&dxAC_equip/NE-dxAC-PkgAC-18to33-New-SEER-13.4/instance-out.sql,110615.17000000001,505.29,16501.86,12106.19,0.0,29387.4,0.0,31385.9,1.13,0.0,0.0,0.0,20727.39,0.0,0.0,0.00,16501.86,505.29,0.00,29387.40,0.00
CZ07/OfS&0&cDXGF&New&dxAC_equip/NE-dxAC-PkgAC-18to33-New-SEER-15.2/instance-out.sql,109450.79999999999,505.29,15337.5,12106.19,0.0,29387.4,0.0,31385.9,1.13,0.0,0.0,0.0,20727.39,0.0,0.0,0.00,15337.50,505.29,0.00,29387.40,0.00
CZ07/OfS&0&cDXGF&New&dxAC_equip/NE-dxAC-PkgAC-18to33-New-SEER-16.2/instance-out.sql,108980.54999999999,505.29,14867.24,12106.19,0.0,29387.4,0.0,31385.9,1.13,0.0,0.0,0.0,20727.39,0.0,0.0,0.00,14867.24,505.29,0.00,29387.40,0.00
CZ07/OfS&0&cDXGF&New&dxAC_equip/NE-dxAC-PkgAC-18to33-New-SEER-17.1/instance-out.sql,108604.6,505.29,14491.29,12106.19,0.0,29387.4,0.0,31385.9,1.13,0.0,0.0,0.0,20727.39,0.0,0.0,0.00,14491.29,505.29,0.00,29387.40,0.00
CZ07/OfS&0&cDXGF&New&dxAC_equip/NE-dxAC-PkgAC-18to33-New-SEER-18.1/instance-out.sql,108247.19,505.29,14133.88,12106.19,0.0,29387.4,0.0,31385.9,1.13,0.0,0.0,0.0,20727.39,0.0,0.0,0.00,14133.88,505.29,0.00,29387.40,0.00
CZ07/OfS&0&cDXGF&New&dxAC_equip/NE-dxAC-PkgAC-33to65-New-SEER-13.4/instance-out.sql,104202.93,505.48,10089.43,12106.19,0.0,29387.4,0.0,31385.9,1.13,0.0,0.0,0.0,20727.39,0.0,0.0,0.00,10089.43,505.48,0.00,29387.40,0.00
CZ07/OfS&0&cDXGF&New&dxAC_equip/NE-dxAC-PkgAC-33to65-New-SEER-15.2/instance-out.sql,103491.01999999999,505.48,9377.52,12106.19,0.0,29387.4,0.0,31385.9,1.13,0.0,0.0,0.0,20727.39,0.0,0.0,0.00,9377.52,505.48,0.00,29387.40,0.00
CZ07/OfS&0&cDXGF&New&dxAC_equip/NE-dxAC-PkgAC-33to65-New-SEER-16.2/instance-out.sql,103203.5,505.48,9090.0,12106.19,0.0,29387.4,0.0,31385.9,1.13,0.0,0.0,0.0,20727.39,0.0,0.0,0.00,9090.00,505.48,0.00,29387.40,0.00
CZ07/OfS&0&cDXGF&New&dxAC_equip/NE-dxAC-PkgAC-33to65-New-SEER-17.1/instance-out.sql,102973.64,505.48,8860.14,12106.19,0.0,29387.4,0.0,31385.9,1.13,0.0,0.0,0.0,20727.39,0.0,0.0,0.00,8860.14,505.48,0.00,29387.40,0.00
CZ07/OfS&0&cDXGF&New&dxAC_equip/NE-dxAC-PkgAC-33to65-New-SEER-18.1/instance-out.sql,102755.11,505.48,8641.62,12106.19,0.0,29387.4,0.0,31385.9,1.13,0.0,0.0,0.0,20727.39,0.0,0.0,0.00,8641.62,505.48,0.00,29387.40,0.00
CZ07/RFF&0&cDXGF&New&dxAC_equip/NE-dxAC-PkgAC-18to33-New-SEER-13.4/instance-out.sql,97338.55,893.71,10782.0,6626.33,0.0,37903.17,0.0,16987.21,3.37,0.0,0.0,0.0,24142.74,0.0,0.0,0.00,10782.00,893.71,0.00,18423.46,19479.71
CZ07/RFF&0&cDXGF&New&dxAC_equip/NE-dxAC-PkgAC-18to33-New-SEER-15.2/instance-out.sql,96989.63,893.71,10433.09,6626.33,0.0,37903.17,0.0,16987.21,3.37,0.0,0.0,0.0,24142.74,0.0,0.0,0.00,10433.09,893.71,0.00,18423.46,19479.71
CZ07/RFF&0&cDXGF&New&dxAC_equip/NE-dxAC-PkgAC-18to33-New-SEER-16.2/instance-out.sql,96848.72,893.71,10292.17,6626.33,0.0,37903.17,0.0,16987.21,3.37,0.0,0.0,0.0,24142.74,0.0,0.0,0.00,10292.17,893.71,0.00,18423.46,19479.71
CZ07/RFF&0&cDXGF&New&dxAC_equip/NE-dxAC-PkgAC-18to33-New-SEER-17.1/instance-out.sql,96736.06,893.71,10179.51,6626.33,0.0,37903.17,0.0,16987.21,3.37,0.0,0.0,0.0,24142.74,0.0,0.0,0.00,10179.51,893.71,0.00,18423.46,19479.71
CZ07/RFF&0&cDXGF&New&dxAC_equip/NE-dxAC-PkgAC-18to33-New-SEER-18.1/instance-out.sql,96628.95000000001,893.71,10072.41,6626.33,0.0,37903.17,0.0,16987.21,3.37,0.0,0.0,0.0,24142.74,0.0,0.0,0.00,10072.41,893.71,0.00,18423.46,19479.71
CZ07/RFF&0&cDXGF&New&dxAC_equip/NE-dxAC-PkgAC-33to65-New-SEER-13.4/instance-out.sql,95759.07,893.84,9202.41,6626.33,0.0,37903.17,0.0,16987.21,3.37,0.0,0.0,0.0,24142.74,0.0,0.0,0.00,9202.41,893.84,0.00,18423.46,19479.71
CZ07/RFF&0&cDXGF&New&dxAC_equip/NE-dxAC-PkgAC-33to65-New-SEER-15.2/instance-out.sql,95521.58,893.84,8964.91,6626.33,0.0,37903.17,0.0,16987.21,3.37,0.0,0.0,0.0,24142.74,0.0,0.0,0.00,8964.91,893.84,0.00,18423.46,19479.71
CZ07/RFF&0&cDXGF&New&dxAC_equip/NE-dxAC-PkgAC-33to65-New-SEER-16.2/instance-out.sql,95425.66,893.84,8868.99,6626.33,0.0,37903.17,0.0,16987.21,3.37,0.0,0.0,0.0,24142.74,0.0,0.0,0.00,8868.99,893.84,0.00,18423.46,19479.71
CZ07/RFF&0&cDXGF&New&dxAC_equip/NE-dxAC-PkgAC-33to65-New-SEER-17.1/instance-out.sql,95348.98,893.84,8792.31,6626.33,0.0,37903.17,0.0,16987.21,3.37,0.0,0.0,0.0,24142.74,0.0,0.0,0.00,8792.31,893.84,0.00,18423.46,19479.71
CZ07/RFF&0&cDXGF&New&dxAC_equip/NE-dxAC-PkgAC-33to65-New-SEER-18.1/instance-out.sql,95276.08,893.84,8719.41,6626.33,0.0,37903.17,0.0,16987.21,3.37,0.0,0.0,0.0,24142.74,0.0,0.0,0.00,8719.41,893.84,0.00,18423.46,19479.71
CZ07/RSD&0&cDXGF&New&dxAC_equip/NE-dxAC-PkgAC-18to33-New-SEER-13.4/instance-out.sql,211042.66,12080.49,22889.56,16225.45,0.0,76546.73,0.0,22248.88,9.47,0.0,0.0,0.0,61042.08,0.0,0.0,0.00,22889.56,12080.49,0.00,37475.60,39071.13
CZ07/RSD&0&cDXGF&New&dxAC_equip/NE-dxAC-PkgAC-18to33-New-SEER-15.2/instance-out.sql,210885.38,12080.49,22732.28,16225.45,0.0,76546.73,0.0,22248.88,9.47,0.0,0.0,0.0,61042.08,0.0,0.0,0.00,22732.28,12080.49,0.00,37475.60,39071.13
CZ07/RSD&0&cDXGF&New&dxAC_equip/NE-dxAC-PkgAC-18to33-New-SEER-16.2/instance-out.sql,210821.86,12080.49,22668.76,16225.45,0.0,76546.73,0.0,22248.88,9.47,0.0,0.0,0.0,61042.08,0.0,0.0,0.00,22668.76,12080.49,0.00,37475.60,39071.13
CZ07/RSD&0&cDXGF&New&dxAC_equip/NE-dxAC-PkgAC-18to33-New-SEER-17.1/instance-out.sql,210771.08000000002,12080.49,22617.98,16225.45,0.0,76546.73,0.0,22248.88,9.47,0.0,0.0,0.0,61042.08,0.0,0.0,0.00,22617.98,12080.49,0.00,37475.60,39071.13
CZ07/RSD&0&cDXGF&New&dxAC_equip/NE-dxAC-PkgAC-18to33-New-SEER-18.1/instance-out.sql,210722.8,12080.49,22569.7,16225.45,0.0,76546.73,0.0,22248.88,9.47,0.0,0.0,0.0,61042.08,0.0,0.0,0.00,22569.70,12080.49,0.00,37475.60,39071.13
CZ07/RSD&0&cDXGF&New&dxAC_equip/NE-dxAC-PkgAC-33to65-New-SEER-13.4/instance-out.sql,210410.93,12091.26,22246.17,16225.45,0.0,76546.73,0.0,22249.76,9.48,0.0,0.0,0.0,61042.08,0.0,0.0,0.00,22246.17,12091.26,0.00,37475.60,39071.13
CZ07/RSD&0&cDXGF&New&dxAC_equip/NE-dxAC-PkgAC-33to65-New-SEER-15.2/instance-out.sql,210299.26,12091.26,22134.51,16225.45,0.0,76546.73,0.0,22249.76,9.48,0.0,0.0,0.0,61042.08,0.0,0.0,0.00,22134.51,12091.26,0.00,37475.60,39071.13
CZ07/RSD&0&cDXGF&New&dxAC_equip/NE-dxAC-PkgAC-33to65-New-SEER-16.2/instance-out.sql,210254.16999999998,12091.26,22089.41,16225.45,0.0,76546.73,0.0,22249.76,9.48,0.0,0.0,0.0,61042.08,0.0,0.0,0.00,22089.41,12091.26,0.00,37475.60,39071.13
CZ07/RSD&0&cDXGF&New&dxAC_equip/NE-dxAC-PkgAC-33to65-New-SEER-17.1/instance-out.sql,210218.11,12091.26,22053.36,16225.45,0.0,76546.73,0.0,22249.76,9.48,0.0,0.0,0.0,61042.08,0.0,0.0,0.00,22053.36,12091.26,0.00,37475.60,39071.13
CZ07/RSD&0&cDXGF&New&dxAC_equip/NE-dxAC-PkgAC-33to65-New-SEER-18.1/instance-out.sql,210183.84,12091.26,22019.08,16225.45,0.0,76546.73,0.0,22249.76,9.48,0.0,0.0,0.0,61042.08,0.0,0.0,0.00,22019.08,12091.26,0.00,37475.60,39071.13
CZ07/Rt3&0&cDXGF&New&dxAC_equip/NE-dxAC-PkgAC-18to33-New-SEER-13.4/instance-out.sql,1741501.4100000001,18024.91,249034.12,394371.6,0.0,436362.0,0.0,484110.69,3.38,0.0,0.0,0.0,159594.7,0.0,0.0,0.00,249034.12,18024.91,0.00,436362.00,0.00
CZ07/Rt3&0&cDXGF&New&dxAC_equip/NE-dxAC-PkgAC-18to33-New-SEER-15.2/instance-out.sql,1724197.0699999998,18024.91,231729.77,394371.6,0.0,436362.0,0.0,484110.69,3.38,0.0,0.0,0.0,159594.7,0.0,0.0,0.00,231729.77,18024.91,0.00,436362.00,0.00
CZ07/Rt3&0&cDXGF&New&dxAC_equip/NE-dxAC-PkgAC-18to33-New-SEER-16.2/instance-out.sql,1717208.3399999999,18024.91,224741.05,394371.6,0.0,436362.0,0.0,484110.69,3.38,0.0,0.0,0.0,159594.7,0.0,0.0,0.00,224741.05,18024.91,0.00,436362.00,0.00
CZ07/Rt3&0&cDXGF&New&dxAC_equip/NE-dxAC-PkgAC-18to33-New-SEER-17.1/instance-out.sql,1711621.0699999998,18024.91,219153.78,394371.6,0.0,436362.0,0.0,484110.69,3.38,0.0,0.0,0.0,159594.7,0.0,0.0,0.00,219153.78,18024.91,0.00,436362.00,0.00
CZ07/Rt3&0&cDXGF&New&dxAC_equip/NE-dxAC-PkgAC-18to33-New-SEER-18.1/instance-out.sql,1706309.4,18024.91,213842.11,394371.6,0.0,436362.0,0.0,484110.69,3.38,0.0,0.0,0.0,159594.7,0.0,0.0,0.00,213842.11,18024.91,0.00,436362.00,0.00
CZ07/Rt3&0&cDXGF&New&dxAC_equip/NE-dxAC-PkgAC-33to65-New-SEER-13.4/instance-out.sql,1660337.12,18026.34,167869.02,394371.6,0.0,436362.0,0.0,484110.07,3.38,0.0,0.0,0.0,159594.7,0.0,0.0,0.00,167869.02,18026.34,0.00,436362.00,0.00
CZ07/Rt3&0&cDXGF&New&dxAC_equip/NE-dxAC-PkgAC-33to65-New-SEER-15.2/instance-out.sql,1648759.75,18026.34,156291.65,394371.6,0.0,436362.0,0.0,484110.07,3.38,0.0,0.0,0.0,159594.7,0.0,0.0,0.00,156291.65,18026.34,0.00,436362.00,0.00
CZ07/Rt3&0&cDXGF&New&dxAC_equip/NE-dxAC-PkgAC-33to65-New-SEER-16.2/instance-out.sql,1644083.99,18026.34,151615.89,394371.6,0.0,436362.0,0.0,484110.07,3.38,0.0,0.0,0.0,159594.7,0.0,0.0,0.00,151615.89,18026.34,0.00,436362.00,0.00
CZ07/Rt3&0&cDXGF&New&dxAC_equip/NE-dxAC-PkgAC-33to65-New-SEER-17.1/instance-out.sql,1640345.85,18026.34,147877.76,394371.6,0.0,436362.0,0.0,484110.07,3.38,0.0,0.0,0.0,159594.7,0.0,0.0,0.00,147877.76,18026.34,0.00,436362.00,0.00
CZ07/Rt3&0&cDXGF&New&dxAC_equip/NE-dxAC-PkgAC-33to65-New-SEER-18.1/instance-out.sql,1636792.12,18026.34,144324.02,394371.6,0.0,436362.0,0.0,484110.07,3.38,0.0,0.0,0.0,159594.7,0.0,0.0,0.00,144324.02,18026.34,0.00,436362.00,0.00
CZ07/RtL&0&cDXGF&New&dxAC_equip/NE-dxAC-PkgAC-18to33-New-SEER-13.4/instance-out.sql,1625937.6300000001,2486.95,229780.03,395231.18,0.0,509200.67,0.0,371662.27,3.39,0.0,0.0,0.0,117573.14,0.0,0.0,0.00,229780.03,2486.95,0.00,468847.72,40352.95
CZ07/RtL&0&cDXGF&New&dxAC_equip/NE-dxAC-PkgAC-18to33-New-SEER-15.2/instance-out.sql,1610580.3,2486.95,214422.7,395231.18,0.0,509200.67,0.0,371662.27,3.39,0.0,0.0,0.0,117573.14,0.0,0.0,0.00,214422.70,2486.95,0.00,468847.72,40352.95
CZ07/RtL&0&cDXGF&New&dxAC_equip/NE-dxAC-PkgAC-18to33-New-SEER-16.2/instance-out.sql,1604377.92,2486.95,208220.32,395231.18,0.0,509200.67,0.0,371662.27,3.39,0.0,0.0,0.0,117573.14,0.0,0.0,0.00,208220.32,2486.95,0.00,468847.72,40352.95
CZ07/RtL&0&cDXGF&New&dxAC_equip/NE-dxAC-PkgAC-18to33-New-SEER-17.1/instance-out.sql,1599419.3,2486.95,203261.7,395231.18,0.0,509200.67,0.0,371662.27,3.39,0.0,0.0,0.0,117573.14,0.0,0.0,0.00,203261.70,2486.95,0.00,468847.72,40352.95
CZ07/RtL&0&cDXGF&New&dxAC_equip/NE-dxAC-PkgAC-18to33-New-SEER-18.1/instance-out.sql,1594705.28,2486.95,198547.68,395231.18,0.0,509200.67,0.0,371662.27,3.39,0.0,0.0,0.0,117573.14,0.0,0.0,0.00,198547.68,2486.95,0.00,468847.72,40352.95
CZ07/RtL&0&cDXGF&New&dxAC_equip/NE-dxAC-PkgAC-33to65-New-SEER-13.4/instance-out.sql,1551861.77,2490.45,155700.67,395231.18,0.0,509200.67,0.0,371662.27,3.39,0.0,0.0,0.0,117573.14,0.0,0.0,0.00,155700.67,2490.45,0.00,468847.72,40352.95
CZ07/RtL&0&cDXGF&New&dxAC_equip/NE-dxAC-PkgAC-33to65-New-SEER-15.2/instance-out.sql,1541731.44,2490.45,145570.34,395231.18,0.0,509200.67,0.0,371662.27,3.39,0.0,0.0,0.0,117573.14,0.0,0.0,0.00,145570.34,2490.45,0.00,468847.72,40352.95
CZ07/RtL&0&cDXGF&New&dxAC_equip/NE-dxAC-PkgAC-33to65-New-SEER-16.2/instance-out.sql,1537640.09,2490.45,141478.99,395231.18,0.0,509200.67,0.0,371662.27,3.39,0.0,0.0,0.0,117573.14,0.0,0.0,0.00,141478.99,2490.45,0.00,468847.72,40352.95
CZ07/RtL&0&cDXGF&New&dxAC_equip/NE-dxAC-PkgAC-33to65-New-SEER-17.1/instance-out.sql,1534369.18,2490.45,138208.08,395231.18,0.0,509200.67,0.0,371662.27,3.39,0.0,0.0,0.0,117573.14,0.0,0.0,0.00,138208.08,2490.45,0.00,468847.72,40352.95
CZ07/RtL&0&cDXGF&New&dxAC_equip/NE-dxAC-PkgAC-33to65-New-SEER-18.1/instance-out.sql,1531259.61,2490.45,135098.51,395231.18,0.0,509200.67,0.0,371662.27,3.39,0.0,0.0,0.0,117573.14,0.0,0.0,0.00,135098.51,2490.45,0.00,468847.72,40352.95
CZ07/RtS&0&cDXGF&New&dxAC_equip/NE-dxAC-PkgAC-18to33-New-SEER-13.4/instance-out.sql,110805.22,2862.62,15574.73,23251.32,0.0,24440.79,0.0,29745.53,3.36,0.0,0.0,0.0,14926.86,0.0,0.0,0.00,15574.73,2862.62,0.00,24440.79,0.00
CZ07/RtS&0&cDXGF&New&dxAC_equip/NE-dxAC-PkgAC-18to33-New-SEER-15.2/instance-out.sql,109706.26999999999,2862.62,14475.78,23251.32,0.0,24440.79,0.0,29745.53,3.36,0.0,0.0,0.0,14926.86,0.0,0.0,0.00,14475.78,2862.62,0.00,24440.79,0.00
CZ07/RtS&0&cDXGF&New&dxAC_equip/NE-dxAC-PkgAC-18to33-New-SEER-16.2/instance-out.sql,109262.44,2862.62,14031.95,23251.32,0.0,24440.79,0.0,29745.53,3.36,0.0,0.0,0.0,14926.86,0.0,0.0,0.00,14031.95,2862.62,0.00,24440.79,0.00
CZ07/RtS&0&cDXGF&New&dxAC_equip/NE-dxAC-PkgAC-18to33-New-SEER-17.1/instance-out.sql,108907.61,2862.62,13677.12,23251.32,0.0,24440.79,0.0,29745.53,3.36,0.0,0.0,0.0,14926.86,0.0,0.0,0.00,13677.12,2862.62,0.00,24440.79,0.00
CZ07/RtS&0&cDXGF&New&dxAC_equip/NE-dxAC-PkgAC-18to33-New-SEER-18.1/instance-out.sql,108570.28,2862.62,13339.79,23251.32,0.0,24440.79,0.0,29745.53,3.36,0.0,0.0,0.0,14926.86,0.0,0.0,0.00,13339.79,2862.62,0.00,24440.79,0.00
CZ07/RtS&0&cDXGF&New&dxAC_equip/NE-dxAC-PkgAC-33to65-New-SEER-13.4/instance-out.sql,106348.42,2862.88,11117.67,23251.32,0.0,24440.79,0.0,29745.53,3.36,0.0,0.0,0.0,14926.86,0.0,0.0,0.00,11117.67,2862.88,0.00,24440.79,0.00
CZ07/RtS&0&cDXGF&New&dxAC_equip/NE-dxAC-PkgAC-33to65-New-SEER-15.2/instance-out.sql,105563.96,2862.88,10333.21,23251.32,0.0,24440.79,0.0,29745.53,3.36,0.0,0.0,0.0,14926.86,0.0,0.0,0.00,10333.21,2862.88,0.00,24440.79,0.00
CZ07/RtS&0&cDXGF&New&dxAC_equip/NE-dxAC-PkgAC-33to65-New-SEER-16.2/instance-out.sql,105247.14,2862.88,10016.39,23251.32,0.0,24440.79,0.0,29745.53,3.36,0.0,0.0,0.0,14926.86,0.0,0.0,0.00,10016.39,2862.88,0.00,24440.79,0.00
CZ07/RtS&0&cDXGF&New&dxAC_equip/NE-dxAC-PkgAC-33to65-New-SEER-17.1/instance-out.sql,104993.85,2862.88,9763.11,23251.32,0.0,24440.79,0.0,29745.53,3.36,0.0,0.0,0.0,14926.86,0.0,0.0,0.00,9763.11,2862.88,0.00,24440.79,0.00
CZ07/RtS&0&cDXGF&New&dxAC_equip/NE-dxAC-PkgAC-33to65-New-SEER-18.1/instance-out.sql,104753.06000000001,2862.88,9522.31,23251.32,0.0,24440.79,0.0,29745.53,3.36,0.0,0.0,0.0,14926.86,0.0,0.0,0.00,9522.31,2862.88,0.00,24440.79,0.00
CZ07/SCn&0&cDXGF&New&dxAC_equip/NE-dxAC-PkgAC-18to33-New-SEER-13.4/instance-out.sql,2376219.2199999997,103752.31,236607.16,571539.04,0.0,449066.39,0.0,936452.22,3.36,0.0,0.0,0.0,78798.73,0.0,0.0,0.00,236607.16,103752.31,0.00,449066.39,0.00
CZ07/SCn&0&cDXGF&New&dxAC_equip/NE-dxAC-PkgAC-18to33-New-SEER-15.2/instance-out.sql,2359524.3099999996,103752.31,219912.25,571539.04,0.0,449066.39,0.0,936452.22,3.36,0.0,0.0,0.0,78798.73,0.0,0.0,0.00,219912.25,103752.31,0.00,449066.39,0.00
CZ07/SCn&0&cDXGF&New&dxAC_equip/NE-dxAC-PkgAC-18to33-New-SEER-16.2/instance-out.sql,2352781.71,103752.31,213169.66,571539.04,0.0,449066.39,0.0,936452.22,3.36,0.0,0.0,0.0,78798.73,0.0,0.0,0.00,213169.66,103752.31,0.00,449066.39,0.00
CZ07/SCn&0&cDXGF&New&dxAC_equip/NE-dxAC-PkgAC-18to33-New-SEER-17.1/instance-out.sql,2347391.2199999997,103752.31,207779.16,571539.04,0.0,449066.39,0.0,936452.22,3.36,0.0,0.0,0.0,78798.73,0.0,0.0,0.00,207779.16,103752.31,0.00,449066.39,0.00
CZ07/SCn&0&cDXGF&New&dxAC_equip/NE-dxAC-PkgAC-18to33-New-SEER-18.1/instance-out.sql,2342266.6199999996,103752.31,202654.56,571539.04,0.0,449066.39,0.0,936452.22,3.36,0.0,0.0,0.0,78798.73,0.0,0.0,0.00,202654.56,103752.31,0.00,449066.39,0.00
CZ07/SCn&0&cDXGF&New&dxAC_equip/NE-dxAC-PkgAC-33to65-New-SEER-13.4/instance-out.sql,2326135.1100000003,103752.76,186522.62,571539.04,0.0,449066.39,0.0,936452.22,3.36,0.0,0.0,0.0,78798.73,0.0,0.0,0.00,186522.62,103752.76,0.00,449066.39,0.00
CZ07/SCn&0&cDXGF&New&dxAC_equip/NE-dxAC-PkgAC-33to65-New-SEER-15.2/instance-out.sql,2312974.1500000004,103752.76,173361.65,571539.04,0.0,449066.39,0.0,936452.22,3.36,0.0,0.0,0.0,78798.73,0.0,0.0,0.00,173361.65,103752.76,0.00,449066.39,0.00
CZ07/SCn&0&cDXGF&New&dxAC_equip/NE-dxAC-PkgAC-33to65-New-SEER-16.2/instance-out.sql,2307658.8099999996,103752.76,168046.32,571539.04,0.0,449066.39,0.0,936452.22,3.36,0.0,0.0,0.0,78798.73,0.0,0.0,0.00,168046.32,103752.76,0.00,449066.39,0.00
CZ07/SCn&0&cDXGF&New&dxAC_equip/NE-dxAC-PkgAC-33to65-New-SEER-17.1/instance-out.sql,2303409.37,103752.76,163796.87,571539.04,0.0,449066.39,0.0,936452.22,3.36,0.0,0.0,0.0,78798.73,0.0,0.0,0.00,163796.87,103752.76,0.00,449066.39,0.00
CZ07/SCn&0&cDXGF&New&dxAC_equip/NE-dxAC-PkgAC-33to65-New-SEER-18.1/instance-out.sql,2299369.5300000003,103752.76,159757.04,571539.04,0.0,449066.39,0.0,936452.22,3.36,0.0,0.0,0.0,78798.73,0.0,0.0,0.00,159757.04,103752.76,0.00,449066.39,0.00
CZ08/Asm&0&cDXGF&New&dxAC_equip/NE-dxAC-PkgAC-18to33-New-SEER-13.4/instance-out.sql,594418.99,60317.54,106892.57,76844.55,0.0,145823.51,0.0,183289.82,3.36,0.0,0.0,0.0,21247.64,0.0,0.0,0.00,106892.57,60317.54,0.00,145823.51,0.00
CZ08/Asm&0&cDXGF&New&dxAC_equip/NE-dxAC-PkgAC-18to33-New-SEER-15.2/instance-out.sql,586876.78,60317.54,99350.36,76844.55,0.0,145823.51,0.0,183289.82,3.36,0.0,0.0,0.0,21247.64,0.0,0.0,0.00,99350.36,60317.54,0.00,145823.51,0.00
CZ08/Asm&0&cDXGF&New&dxAC_equip/NE-dxAC-PkgAC-18to33-New-SEER-16.2/instance-out.sql,583830.7,60317.54,96304.28,76844.55,0.0,145823.51,0.0,183289.82,3.36,0.0,0.0,0.0,21247.64,0.0,0.0,0.00,96304.28,60317.54,0.00,145823.51,0.00
CZ08/Asm&0&cDXGF&New&dxAC_equip/NE-dxAC-PkgAC-18to33-New-SEER-17.1/instance-out.sql,581395.45,60317.54,93869.03,76844.55,0.0,145823.51,0.0,183289.82,3.36,0.0,0.0,0.0,21247.64,0.0,0.0,0.00,93869.03,60317.54,0.00,145823.51,0.00
CZ08/Asm&0&cDXGF&New&dxAC_equip/NE-dxAC-PkgAC-18to33-New-SEER-18.1/instance-out.sql,579080.3200000001,60317.54,91553.91,76844.55,0.0,145823.51,0.0,183289.82,3.36,0.0,0.0,0.0,21247.64,0.0,0.0,0.00,91553.91,60317.54,0.00,145823.51,0.00
CZ08/Asm&0&cDXGF&New&dxAC_equip/NE-dxAC-PkgAC-33to65-New-SEER-13.4/instance-out.sql,583009.96,60344.18,95456.91,76844.55,0.0,145823.51,0.0,183289.82,3.36,0.0,0.0,0.0,21247.64,0.0,0.0,0.00,95456.91,60344.18,0.00,145823.51,0.00
CZ08/Asm&0&cDXGF&New&dxAC_equip/NE-dxAC-PkgAC-33to65-New-SEER-15.2/instance-out.sql,576274.65,60344.18,88721.59,76844.55,0.0,145823.51,0.0,183289.82,3.36,0.0,0.0,0.0,21247.64,0.0,0.0,0.00,88721.59,60344.18,0.00,145823.51,0.00
CZ08/Asm&0&cDXGF&New&dxAC_equip/NE-dxAC-PkgAC-33to65-New-SEER-16.2/instance-out.sql,573554.45,60344.18,86001.39,76844.55,0.0,145823.51,0.0,183289.82,3.36,0.0,0.0,0.0,21247.64,0.0,0.0,0.00,86001.39,60344.18,0.00,145823.51,0.00
CZ08/Asm&0&cDXGF&New&dxAC_equip/NE-dxAC-PkgAC-33to65-New-SEER-17.1/instance-out.sql,571379.73,60344.18,83826.68,76844.55,0.0,145823.51,0.0,183289.82,3.36,0.0,0.0,0.0,21247.64,0.0,0.0,0.00,83826.68,60344.18,0.00,145823.51,0.00
CZ08/Asm&0&cDXGF&New&dxAC_equip/NE-dxAC-PkgAC-33to65-New-SEER-18.1/instance-out.sql,569312.29,60344.18,81759.24,76844.55,0.0,145823.51,0.0,183289.82,3.36,0.0,0.0,0.0,21247.64,0.0,0.0,0.00,81759.24,60344.18,0.00,145823.51,0.00
CZ08/ECC&0&cDXGF&New&dxAC_equip/NE-dxAC-PkgAC-18to33-New-SEER-13.4/instance-out.sql,2415348.8,23922.74,329043.38,167224.54,0.0,1013813.91,0.0,469302.24,950.33,0.0,0.0,0.0,411091.65,0.0,0.0,0.00,329043.38,23922.74,0.00,945189.93,68623.98
CZ08/ECC&0&cDXGF&New&dxAC_equip/NE-dxAC-PkgAC-18to33-New-SEER-15.2/instance-out.sql,2396955.48,23922.74,310650.06,167224.54,0.0,1013813.91,0.0,469302.24,950.33,0.0,0.0,0.0,411091.65,0.0,0.0,0.00,310650.06,23922.74,0.00,945189.93,68623.98
CZ08/ECC&0&cDXGF&New&dxAC_equip/NE-dxAC-PkgAC-18to33-New-SEER-16.2/instance-out.sql,2389526.95,23922.74,303221.53,167224.54,0.0,1013813.91,0.0,469302.24,950.33,0.0,0.0,0.0,411091.65,0.0,0.0,0.00,303221.53,23922.74,0.00,945189.93,68623.98
CZ08/ECC&0&cDXGF&New&dxAC_equip/NE-dxAC-PkgAC-18to33-New-SEER-17.1/instance-out.sql,2383588.06,23922.74,297282.64,167224.54,0.0,1013813.91,0.0,469302.24,950.33,0.0,0.0,0.0,411091.65,0.0,0.0,0.00,297282.64,23922.74,0.00,945189.93,68623.98
CZ08/ECC&0&cDXGF&New&dxAC_equip/NE-dxAC-PkgAC-18to33-New-SEER-18.1/instance-out.sql,2377942.12,23922.74,291636.7,167224.54,0.0,1013813.91,0.0,469302.24,950.33,0.0,0.0,0.0,411091.65,0.0,0.0,0.00,291636.70,23922.74,0.00,945189.93,68623.98
CZ08/ECC&0&cDXGF&New&dxAC_equip/NE-dxAC-PkgAC-33to65-New-SEER-13.4/instance-out.sql,2344799.08,23930.43,258486.0,167224.54,0.0,1013813.91,0.0,469302.21,950.33,0.0,0.0,0.0,411091.65,0.0,0.0,0.00,258486.00,23930.43,0.00,945189.93,68623.98
CZ08/ECC&0&cDXGF&New&dxAC_equip/NE-dxAC-PkgAC-33to65-New-SEER-15.2/instance-out.sql,2331384.23,23930.43,245071.15,167224.54,0.0,1013813.91,0.0,469302.21,950.33,0.0,0.0,0.0,411091.65,0.0,0.0,0.00,245071.15,23930.43,0.00,945189.93,68623.98
CZ08/ECC&0&cDXGF&New&dxAC_equip/NE-dxAC-PkgAC-33to65-New-SEER-16.2/instance-out.sql,2325966.35,23930.43,239653.27,167224.54,0.0,1013813.91,0.0,469302.21,950.33,0.0,0.0,0.0,411091.65,0.0,0.0,0.00,239653.27,23930.43,0.00,945189.93,68623.98
CZ08/ECC&0&cDXGF&New&dxAC_equip/NE-dxAC-PkgAC-33to65-New-SEER-17.1/instance-out.sql,2321634.93,23930.43,235321.85,167224.54,0.0,1013813.91,0.0,469302.21,950.33,0.0,0.0,0.0,411091.65,0.0,0.0,0.00,235321.85,23930.43,0.00,945189.93,68623.98
CZ08/ECC&0&cDXGF&New&dxAC_equip/NE-dxAC-PkgAC-33to65-New-SEER-18.1/instance-out.sql,2317517.16,23930.43,231204.08,167224.54,0.0,1013813.91,0.0,469302.21,950.33,0.0,0.0,0.0,411091.65,0.0,0.0,0.00,231204.08,23930.43,0.00,945189.93,68623.98
CZ08/EPr&0&cDXGF&New&dxAC_equip/NE-dxAC-PkgAC-18to33-New-SEER-13.4/instance-out.sql,352644.14999999997,7647.49,46633.68,30835.78,0.0,125897.03,0.0,62743.03,3.37,0.0,0.0,0.0,78883.77,0.0,0.0,0.00,46633.68,7647.49,0.00,83226.75,42670.28
CZ08/EPr&0&cDXGF&New&dxAC_equip/NE-dxAC-PkgAC-18to33-New-SEER-15.2/instance-out.sql,350136.88,7647.49,44126.41,30835.78,0.0,125897.03,0.0,62743.03,3.37,0.0,0.0,0.0,78883.77,0.0,0.0,0.00,44126.41,7647.49,0.00,83226.75,42670.28
CZ08/EPr&0&cDXGF&New&dxAC_equip/NE-dxAC-PkgAC-18to33-New-SEER-16.2/instance-out.sql,349124.27,7647.49,43113.8,30835.78,0.0,125897.03,0.0,62743.03,3.37,0.0,0.0,0.0,78883.77,0.0,0.0,0.00,43113.80,7647.49,0.00,83226.75,42670.28
CZ08/EPr&0&cDXGF&New&dxAC_equip/NE-dxAC-PkgAC-18to33-New-SEER-17.1/instance-out.sql,348314.72,7647.49,42304.25,30835.78,0.0,125897.03,0.0,62743.03,3.37,0.0,0.0,0.0,78883.77,0.0,0.0,0.00,42304.25,7647.49,0.00,83226.75,42670.28
CZ08/EPr&0&cDXGF&New&dxAC_equip/NE-dxAC-PkgAC-18to33-New-SEER-18.1/instance-out.sql,347545.1,7647.49,41534.63,30835.78,0.0,125897.03,0.0,62743.03,3.37,0.0,0.0,0.0,78883.77,0.0,0.0,0.00,41534.63,7647.49,0.00,83226.75,42670.28
CZ08/EPr&0&cDXGF&New&dxAC_equip/NE-dxAC-PkgAC-33to65-New-SEER-13.4/instance-out.sql,347194.9,7650.09,41181.83,30835.78,0.0,125897.03,0.0,62743.03,3.37,0.0,0.0,0.0,78883.77,0.0,0.0,0.00,41181.83,7650.09,0.00,83226.75,42670.28
CZ08/EPr&0&cDXGF&New&dxAC_equip/NE-dxAC-PkgAC-33to65-New-SEER-15.2/instance-out.sql,345072.3,7650.09,39059.23,30835.78,0.0,125897.03,0.0,62743.03,3.37,0.0,0.0,0.0,78883.77,0.0,0.0,0.00,39059.23,7650.09,0.00,83226.75,42670.28
CZ08/EPr&0&cDXGF&New&dxAC_equip/NE-dxAC-PkgAC-33to65-New-SEER-16.2/instance-out.sql,344215.04,7650.09,38201.97,30835.78,0.0,125897.03,0.0,62743.03,3.37,0.0,0.0,0.0,78883.77,0.0,0.0,0.00,38201.97,7650.09,0.00,83226.75,42670.28
CZ08/EPr&0&cDXGF&New&dxAC_equip/NE-dxAC-PkgAC-33to65-New-SEER-17.1/instance-out.sql,343529.69,7650.09,37516.62,30835.78,0.0,125897.03,0.0,62743.03,3.37,0.0,0.0,0.0,78883.77,0.0,0.0,0.00,37516.62,7650.09,0.00,83226.75,42670.28
CZ08/EPr&0&cDXGF&New&dxAC_equip/NE-dxAC-PkgAC-33to65-New-SEER-18.1/instance-out.sql,342878.15,7650.09,36865.08,30835.78,0.0,125897.03,0.0,62743.03,3.37,0.0,0.0,0.0,78883.77,0.0,0.0,0.00,36865.08,7650.09,0.00,83226.75,42670.28
CZ08/ERC&0&cDXGF&New&dxAC_equip/NE-dxAC-PkgAC-18to33-New-SEER-13.4/instance-out.sql,17110.61,515.79,1501.88,1016.35,0.0,2196.82,0.0,2835.97,3.36,0.0,0.0,0.0,9040.45,0.0,0.0,0.00,1501.88,515.79,0.00,2196.82,0.00
CZ08/ERC&0&cDXGF&New&dxAC_equip/NE-dxAC-PkgAC-18to33-New-SEER-15.2/instance-out.sql,17004.66,515.79,1395.93,1016.35,0.0,2196.82,0.0,2835.97,3.36,0.0,0.0,0.0,9040.45,0.0,0.0,0.00,1395.93,515.79,0.00,2196.82,0.00
CZ08/ERC&0&cDXGF&New&dxAC_equip/NE-dxAC-PkgAC-18to33-New-SEER-16.2/instance-out.sql,16961.86,515.79,1353.14,1016.35,0.0,2196.82,0.0,2835.97,3.36,0.0,0.0,0.0,9040.45,0.0,0.0,0.00,1353.14,515.79,0.00,2196.82,0.00
CZ08/ERC&0&cDXGF&New&dxAC_equip/NE-dxAC-PkgAC-18to33-New-SEER-17.1/instance-out.sql,16927.65,515.79,1318.93,1016.35,0.0,2196.82,0.0,2835.97,3.36,0.0,0.0,0.0,9040.45,0.0,0.0,0.00,1318.93,515.79,0.00,2196.82,0.00
CZ08/ERC&0&cDXGF&New&dxAC_equip/NE-dxAC-PkgAC-18to33-New-SEER-18.1/instance-out.sql,16895.129999999997,515.79,1286.4,1016.35,0.0,2196.82,0.0,2835.97,3.36,0.0,0.0,0.0,9040.45,0.0,0.0,0.00,1286.40,515.79,0.00,2196.82,0.00
CZ08/ERC&0&cDXGF&New&dxAC_equip/NE-dxAC-PkgAC-33to65-New-SEER-13.4/instance-out.sql,16825.78,515.84,1217.0,1016.35,0.0,2196.82,0.0,2835.97,3.36,0.0,0.0,0.0,9040.45,0.0,0.0,0.00,1217.00,515.84,0.00,2196.82,0.00
CZ08/ERC&0&cDXGF&New&dxAC_equip/NE-dxAC-PkgAC-33to65-New-SEER-15.2/instance-out.sql,16739.920000000002,515.84,1131.15,1016.35,0.0,2196.82,0.0,2835.97,3.36,0.0,0.0,0.0,9040.45,0.0,0.0,0.00,1131.15,515.84,0.00,2196.82,0.00
CZ08/ERC&0&cDXGF&New&dxAC_equip/NE-dxAC-PkgAC-33to65-New-SEER-16.2/instance-out.sql,16705.25,515.84,1096.47,1016.35,0.0,2196.82,0.0,2835.97,3.36,0.0,0.0,0.0,9040.45,0.0,0.0,0.00,1096.47,515.84,0.00,2196.82,0.00
CZ08/ERC&0&cDXGF&New&dxAC_equip/NE-dxAC-PkgAC-33to65-New-SEER-17.1/instance-out.sql,16677.53,515.84,1068.75,1016.35,0.0,2196.82,0.0,2835.97,3.36,0.0,0.0,0.0,9040.45,0.0,0.0,0.00,1068.75,515.84,0.00,2196.82,0.00
CZ08/ERC&0&cDXGF&New&dxAC_equip/NE-dxAC-PkgAC-33to65-New-SEER-18.1/instance-out.sql,16651.18,515.84,1042.4,1016.35,0.0,2196.82,0.0,2835.97,3.36,0.0,0.0,0.0,9040.45,0.0,0.0,0.00,1042.40,515.84,0.00,2196.82,0.00
CZ08/ESe&0&cDXGF&New&dxAC_equip/NE-dxAC-PkgAC-18to33-New-SEER-13.4/instance-out.sql,1018976.35,47019.01,128690.59,94750.45,0.0,323176.74,0.0,210383.83,3.39,0.0,0.0,0.0,214952.33,0.0,0.0,0.00,128690.59,47019.01,0.00,259085.82,64090.92
CZ08/ESe&0&cDXGF&New&dxAC_equip/NE-dxAC-PkgAC-18to33-New-SEER-15.2/instance-out.sql,1015874.54,47019.01,125588.79,94750.45,0.0,323176.74,0.0,210383.83,3.39,0.0,0.0,0.0,214952.33,0.0,0.0,0.00,125588.79,47019.01,0.00,259085.82,64090.92
CZ08/ESe&0&cDXGF&New&dxAC_equip/NE-dxAC-PkgAC-18to33-New-SEER-16.2/instance-out.sql,1014621.81,47019.01,124336.06,94750.45,0.0,323176.74,0.0,210383.83,3.39,0.0,0.0,0.0,214952.33,0.0,0.0,0.00,124336.06,47019.01,0.00,259085.82,64090.92
CZ08/ESe&0&cDXGF&New&dxAC_equip/NE-dxAC-PkgAC-18to33-New-SEER-17.1/instance-out.sql,1013620.29,47019.01,123334.54,94750.45,0.0,323176.74,0.0,210383.83,3.39,0.0,0.0,0.0,214952.33,0.0,0.0,0.00,123334.54,47019.01,0.00,259085.82,64090.92
CZ08/ESe&0&cDXGF&New&dxAC_equip/NE-dxAC-PkgAC-18to33-New-SEER-18.1/instance-out.sql,1012668.18,47019.01,122382.42,94750.45,0.0,323176.74,0.0,210383.83,3.39,0.0,0.0,0.0,214952.33,0.0,0.0,0.00,122382.42,47019.01,0.00,259085.82,64090.92
CZ08/ESe&0&cDXGF&New&dxAC_equip/NE-dxAC-PkgAC-33to65-New-SEER-13.4/instance-out.sql,1008916.5700000001,47015.93,118633.9,94750.45,0.0,323176.74,0.0,210383.83,3.39,0.0,0.0,0.0,214952.33,0.0,0.0,0.00,118633.90,47015.93,0.00,259085.82,64090.92
CZ08/ESe&0&cDXGF&New&dxAC_equip/NE-dxAC-PkgAC-33to65-New-SEER-15.2/instance-out.sql,1006524.3400000001,47015.93,116241.67,94750.45,0.0,323176.74,0.0,210383.83,3.39,0.0,0.0,0.0,214952.33,0.0,0.0,0.00,116241.67,47015.93,0.00,259085.82,64090.92
CZ08/ESe&0&cDXGF&New&dxAC_equip/NE-dxAC-PkgAC-33to65-New-SEER-16.2/instance-out.sql,1005558.1799999999,47015.93,115275.51,94750.45,0.0,323176.74,0.0,210383.83,3.39,0.0,0.0,0.0,214952.33,0.0,0.0,0.00,115275.51,47015.93,0.00,259085.82,64090.92
CZ08/ESe&0&cDXGF&New&dxAC_equip/NE-dxAC-PkgAC-33to65-New-SEER-17.1/instance-out.sql,1004785.77,47015.93,114503.1,94750.45,0.0,323176.74,0.0,210383.83,3.39,0.0,0.0,0.0,214952.33,0.0,0.0,0.00,114503.10,47015.93,0.00,259085.82,64090.92
CZ08/ESe&0&cDXGF&New&dxAC_equip/NE-dxAC-PkgAC-33to65-New-SEER-18.1/instance-out.sql,1004051.46,47015.93,113768.79,94750.45,0.0,323176.74,0.0,210383.83,3.39,0.0,0.0,0.0,214952.33,0.0,0.0,0.00,113768.79,47015.93,0.00,259085.82,64090.92
CZ08/EUn&0&cDXGF&New&dxAC_equip/NE-dxAC-PkgAC-18to33-New-SEER-13.4/instance-out.sql,7534243.529999999,41388.98,1022748.81,644388.1,0.0,3682881.23,0.0,1448353.18,3.37,0.0,0.0,0.0,694479.86,0.0,0.0,0.00,1022748.81,41388.98,0.00,3555459.15,127422.08
CZ08/EUn&0&cDXGF&New&dxAC_equip/NE-dxAC-PkgAC-18to33-New-SEER-15.2/instance-out.sql,7481020.51,41388.98,969525.79,644388.1,0.0,3682881.23,0.0,1448353.18,3.37,0.0,0.0,0.0,694479.86,0.0,0.0,0.00,969525.79,41388.98,0.00,3555459.15,127422.08
CZ08/EUn&0&cDXGF&New&dxAC_equip/NE-dxAC-PkgAC-18to33-New-SEER-16.2/instance-out.sql,7459525.27,41388.98,948030.54,644388.1,0.0,3682881.23,0.0,1448353.18,3.37,0.0,0.0,0.0,694479.86,0.0,0.0,0.00,948030.54,41388.98,0.00,3555459.15,127422.08
CZ08/EUn&0&cDXGF&New&dxAC_equip/NE-dxAC-PkgAC-18to33-New-SEER-17.1/instance-out.sql,7442340.4799999995,41388.98,930845.75,644388.1,0.0,3682881.23,0.0,1448353.18,3.37,0.0,0.0,0.0,694479.86,0.0,0.0,0.00,930845.75,41388.98,0.00,3555459.15,127422.08
CZ08/EUn&0&cDXGF&New&dxAC_equip/NE-dxAC-PkgAC-18to33-New-SEER-18.1/instance-out.sql,7426003.37,41388.98,914508.64,644388.1,0.0,3682881.23,0.0,1448353.18,3.37,0.0,0.0,0.0,694479.86,0.0,0.0,0.00,914508.64,41388.98,0.00,3555459.15,127422.08
CZ08/EUn&0&cDXGF&New&dxAC_equip/NE-dxAC-PkgAC-33to65-New-SEER-13.4/instance-out.sql,7291880.75,41417.04,780372.94,644388.1,0.0,3682881.23,0.0,1448338.22,3.37,0.0,0.0,0.0,694479.85,0.0,0.0,0.00,780372.94,41417.04,0.00,3555459.15,127422.08
CZ08/EUn&0&cDXGF&New&dxAC_equip/NE-dxAC-PkgAC-33to65-New-SEER-15.2/instance-out.sql,7255759.489999999,41417.04,744251.69,644388.1,0.0,3682881.23,0.0,1448338.22,3.37,0.0,0.0,0.0,694479.85,0.0,0.0,0.00,744251.69,41417.04,0.00,3555459.15,127422.08
CZ08/EUn&0&cDXGF&New&dxAC_equip/NE-dxAC-PkgAC-33to65-New-SEER-16.2/instance-out.sql,7241171.16,41417.04,729663.35,644388.1,0.0,3682881.23,0.0,1448338.22,3.37,0.0,0.0,0.0,694479.85,0.0,0.0,0.00,729663.35,41417.04,0.00,3555459.15,127422.08
CZ08/EUn&0&cDXGF&New&dxAC_equip/NE-dxAC-PkgAC-33to65-New-SEER-17.1/instance-out.sql,7229508.2299999995,41417.04,718000.42,644388.1,0.0,3682881.23,0.0,1448338.22,3.37,0.0,0.0,0.0,694479.85,0.0,0.0,0.00,718000.42,41417.04,0.00,3555459.15,127422.08
CZ08/EUn&0&cDXGF&New&dxAC_equip/NE-dxAC-PkgAC-33to65-New-SEER-18.1/instance-out.sql,7218420.6,41417.04,706912.8,644388.1,0.0,3682881.23,0.0,1448338.22,3.37,0.0,0.0,0.0,694479.85,0.0,0.0,0.00,706912.80,41417.04,0.00,3555459.15,127422.08
CZ08/Gro&0&cDXGF&New&dxAC_equip/NE-dxAC-PkgAC-18to33-New-SEER-13.4/instance-out.sql,1873265.94,59128.16,32734.33,157111.61,0.0,177584.03,0.0,113618.69,3.38,0.0,0.0,0.0,56148.62,1276937.14,0.0,0.00,32734.33,59128.16,0.00,177584.03,0.00
CZ08/Gro&0&cDXGF&New&dxAC_equip/NE-dxAC-PkgAC-18to33-New-SEER-15.2/instance-out.sql,1870956.33,59128.16,30424.71,157111.61,0.0,177584.03,0.0,113618.69,3.38,0.0,0.0,0.0,56148.62,1276937.14,0.0,0.00,30424.71,59128.16,0.00,177584.03,0.00
CZ08/Gro&0&cDXGF&New&dxAC_equip/NE-dxAC-PkgAC-18to33-New-SEER-16.2/instance-out.sql,1870023.54,59128.16,29491.93,157111.61,0.0,177584.03,0.0,113618.69,3.38,0.0,0.0,0.0,56148.62,1276937.14,0.0,0.00,29491.93,59128.16,0.00,177584.03,0.00
CZ08/Gro&0&cDXGF&New&dxAC_equip/NE-dxAC-PkgAC-18to33-New-SEER-17.1/instance-out.sql,1869277.81,59128.16,28746.19,157111.61,0.0,177584.03,0.0,113618.69,3.38,0.0,0.0,0.0,56148.62,1276937.14,0.0,0.00,28746.19,59128.16,0.00,177584.03,0.00
CZ08/Gro&0&cDXGF&New&dxAC_equip/NE-dxAC-PkgAC-18to33-New-SEER-18.1/instance-out.sql,1868568.86,59128.16,28037.24,157111.61,0.0,177584.03,0.0,113618.69,3.38,0.0,0.0,0.0,56148.62,1276937.14,0.0,0.00,28037.24,59128.16,0.00,177584.03,0.00
CZ08/Gro&0&cDXGF&New&dxAC_equip/NE-dxAC-PkgAC-33to65-New-SEER-13.4/instance-out.sql,1870071.12,59122.14,28175.99,157111.61,0.0,177584.03,0.0,113618.69,3.38,0.0,0.0,0.0,56148.62,1278306.67,0.0,0.00,28175.99,59122.14,0.00,177584.03,0.00
CZ08/Gro&0&cDXGF&New&dxAC_equip/NE-dxAC-PkgAC-33to65-New-SEER-15.2/instance-out.sql,1868083.14,59122.14,26188.01,157111.61,0.0,177584.03,0.0,113618.69,3.38,0.0,0.0,0.0,56148.62,1278306.67,0.0,0.00,26188.01,59122.14,0.00,177584.03,0.00
CZ08/Gro&0&cDXGF&New&dxAC_equip/NE-dxAC-PkgAC-33to65-New-SEER-16.2/instance-out.sql,1867280.25,59122.14,25385.12,157111.61,0.0,177584.03,0.0,113618.69,3.38,0.0,0.0,0.0,56148.62,1278306.67,0.0,0.00,25385.12,59122.14,0.00,177584.03,0.00
CZ08/Gro&0&cDXGF&New&dxAC_equip/NE-dxAC-PkgAC-33to65-New-SEER-17.1/instance-out.sql,1866638.37,59122.14,24743.24,157111.61,0.0,177584.03,0.0,113618.69,3.38,0.0,0.0,0.0,56148.62,1278306.67,0.0,0.00,24743.24,59122.14,0.00,177584.03,0.00
CZ08/Gro&0&cDXGF&New&dxAC_equip/NE-dxAC-PkgAC-33to65-New-SEER-18.1/instance-out.sql,1866028.15,59122.14,24133.01,157111.61,0.0,177584.03,0.0,113618.69,3.38,0.0,0.0,0.0,56148.62,1278306.67,0.0,0.00,24133.01,59122.14,0.00,177584.03,0.00
CZ08/Hsp&0&cDXGF&New&dxAC_equip/NE-dxAC-PkgAC-18to33-New-SEER-13.4/instance-out.sql,3542907.88,140471.3,840380.03,625795.42,0.0,1182847.3,0.0,474527.62,36658.58,0.0,0.0,0.0,242227.62,0.0,0.0,0.00,840380.03,140471.30,0.00,1139112.10,43735.20
CZ08/Hsp&0&cDXGF&New&dxAC_equip/NE-dxAC-PkgAC-18to33-New-SEER-15.2/instance-out.sql,3532317.11,140471.3,829789.26,625795.42,0.0,1182847.3,0.0,474527.62,36658.58,0.0,0.0,0.0,242227.62,0.0,0.0,0.00,829789.26,140471.30,0.00,1139112.10,43735.20
CZ08/Hsp&0&cDXGF&New&dxAC_equip/NE-dxAC-PkgAC-18to33-New-SEER-16.2/instance-out.sql,3528039.8,140471.3,825511.95,625795.42,0.0,1182847.3,0.0,474527.62,36658.58,0.0,0.0,0.0,242227.62,0.0,0.0,0.00,825511.95,140471.30,0.00,1139112.10,43735.20
CZ08/Hsp&0&cDXGF&New&dxAC_equip/NE-dxAC-PkgAC-18to33-New-SEER-17.1/instance-out.sql,3524620.2199999997,140471.3,822092.37,625795.42,0.0,1182847.3,0.0,474527.62,36658.58,0.0,0.0,0.0,242227.62,0.0,0.0,0.00,822092.37,140471.30,0.00,1139112.10,43735.20
CZ08/Hsp&0&cDXGF&New&dxAC_equip/NE-dxAC-PkgAC-18to33-New-SEER-18.1/instance-out.sql,3521369.32,140471.3,818841.47,625795.42,0.0,1182847.3,0.0,474527.62,36658.58,0.0,0.0,0.0,242227.62,0.0,0.0,0.00,818841.47,140471.30,0.00,1139112.10,43735.20
CZ08/Hsp&0&cDXGF&New&dxAC_equip/NE-dxAC-PkgAC-33to65-New-SEER-13.4/instance-out.sql,3487443.8,140477.23,784901.37,625795.42,0.0,1182847.3,0.0,474531.28,36663.58,0.0,0.0,0.0,242227.62,0.0,0.0,0.00,784901.37,140477.23,0.00,1139112.10,43735.20
CZ08/Hsp&0&cDXGF&New&dxAC_equip/NE-dxAC-PkgAC-33to65-New-SEER-15.2/instance-out.sql,3480769.09,140477.23,778226.66,625795.42,0.0,1182847.3,0.0,474531.28,36663.58,0.0,0.0,0.0,242227.62,0.0,0.0,0.00,778226.66,140477.23,0.00,1139112.10,43735.20
CZ08/Hsp&0&cDXGF&New&dxAC_equip/NE-dxAC-PkgAC-33to65-New-SEER-16.2/instance-out.sql,3478073.3699999996,140477.23,775530.94,625795.42,0.0,1182847.3,0.0,474531.28,36663.58,0.0,0.0,0.0,242227.62,0.0,0.0,0.00,775530.94,140477.23,0.00,1139112.10,43735.20
CZ08/Hsp&0&cDXGF&New&dxAC_equip/NE-dxAC-PkgAC-33to65-New-SEER-17.1/instance-out.sql,3475918.23,140477.23,773375.8,625795.42,0.0,1182847.3,0.0,474531.28,36663.58,0.0,0.0,0.0,242227.62,0.0,0.0,0.00,773375.80,140477.23,0.00,1139112.10,43735.20
CZ08/Hsp&0&cDXGF&New&dxAC_equip/NE-dxAC-PkgAC-33to65-New-SEER-18.1/instance-out.sql,3473869.3899999997,140477.23,771326.96,625795.42,0.0,1182847.3,0.0,474531.28,36663.58,0.0,0.0,0.0,242227.62,0.0,0.0,0.00,771326.96,140477.23,0.00,1139112.10,43735.20
CZ08/MBT&0&cDXGF&New&dxAC_equip/NE-dxAC-PkgAC-18to33-New-SEER-13.4/instance-out.sql,5128944.72,1105657.9,325249.86,438466.02,0.0,2167645.51,0.0,930553.39,598.19,0.0,0.0,0.0,160773.84,0.0,0.0,0.00,325249.86,1105657.90,0.00,1394057.91,773587.60
CZ08/MBT&0&cDXGF&New&dxAC_equip/NE-dxAC-PkgAC-18to33-New-SEER-15.2/instance-out.sql,5119418.13,1105657.9,315723.27,438466.02,0.0,2167645.51,0.0,930553.39,598.19,0.0,0.0,0.0,160773.84,0.0,0.0,0.00,315723.27,1105657.90,0.00,1394057.91,773587.60
CZ08/MBT&0&cDXGF&New&dxAC_equip/NE-dxAC-PkgAC-18to33-New-SEER-16.2/instance-out.sql,5115570.61,1105657.9,311875.75,438466.02,0.0,2167645.51,0.0,930553.39,598.19,0.0,0.0,0.0,160773.84,0.0,0.0,0.00,311875.75,1105657.90,0.00,1394057.91,773587.60
CZ08/MBT&0&cDXGF&New&dxAC_equip/NE-dxAC-PkgAC-18to33-New-SEER-17.1/instance-out.sql,5112494.63,1105657.9,308799.78,438466.02,0.0,2167645.51,0.0,930553.39,598.19,0.0,0.0,0.0,160773.84,0.0,0.0,0.00,308799.78,1105657.90,0.00,1394057.91,773587.60
CZ08/MBT&0&cDXGF&New&dxAC_equip/NE-dxAC-PkgAC-18to33-New-SEER-18.1/instance-out.sql,5109570.39,1105657.9,305875.53,438466.02,0.0,2167645.51,0.0,930553.39,598.19,0.0,0.0,0.0,160773.84,0.0,0.0,0.00,305875.53,1105657.90,0.00,1394057.91,773587.60
CZ08/MBT&0&cDXGF&New&dxAC_equip/NE-dxAC-PkgAC-33to65-New-SEER-13.4/instance-out.sql,5087457.54,1105665.56,283755.02,438466.02,0.0,2167645.51,0.0,930553.39,598.19,0.0,0.0,0.0,160773.84,0.0,0.0,0.00,283755.02,1105665.56,0.00,1394057.91,773587.60
CZ08/MBT&0&cDXGF&New&dxAC_equip/NE-dxAC-PkgAC-33to65-New-SEER-15.2/instance-out.sql,5080858.75,1105665.56,277156.23,438466.02,0.0,2167645.51,0.0,930553.39,598.19,0.0,0.0,0.0,160773.84,0.0,0.0,0.00,277156.23,1105665.56,0.00,1394057.91,773587.60
CZ08/MBT&0&cDXGF&New&dxAC_equip/NE-dxAC-PkgAC-33to65-New-SEER-16.2/instance-out.sql,5078193.68,1105665.56,274491.16,438466.02,0.0,2167645.51,0.0,930553.39,598.19,0.0,0.0,0.0,160773.84,0.0,0.0,0.00,274491.16,1105665.56,0.00,1394057.91,773587.60
CZ08/MBT&0&cDXGF&New&dxAC_equip/NE-dxAC-PkgAC-33to65-New-SEER-17.1/instance-out.sql,5076063.05,1105665.56,272360.53,438466.02,0.0,2167645.51,0.0,930553.39,598.19,0.0,0.0,0.0,160773.84,0.0,0.0,0.00,272360.53,1105665.56,0.00,1394057.91,773587.60
CZ08/MBT&0&cDXGF&New&dxAC_equip/NE-dxAC-PkgAC-33to65-New-SEER-18.1/instance-out.sql,5074037.51,1105665.56,270334.99,438466.02,0.0,2167645.51,0.0,930553.39,598.19,0.0,0.0,0.0,160773.84,0.0,0.0,0.00,270334.99,1105665.56,0.00,1394057.91,773587.60
CZ08/MLI&0&cDXGF&New&dxAC_equip/NE-dxAC-PkgAC-18to33-New-SEER-13.4/instance-out.sql,855505.92,16961.49,123055.37,153603.74,0.0,239893.0,0.0,276858.52,3.37,0.0,0.0,0.0,45130.42,0.0,0.0,0.00,123055.37,16961.49,0.00,239893.00,0.00
CZ08/MLI&0&cDXGF&New&dxAC_equip/NE-dxAC-PkgAC-18to33-New-SEER-15.2/instance-out.sql,846823.23,16961.49,114372.69,153603.74,0.0,239893.0,0.0,276858.52,3.37,0.0,0.0,0.0,45130.42,0.0,0.0,0.00,114372.69,16961.49,0.00,239893.00,0.00
CZ08/MLI&0&cDXGF&New&dxAC_equip/NE-dxAC-PkgAC-18to33-New-SEER-16.2/instance-out.sql,843316.54,16961.49,110866.0,153603.74,0.0,239893.0,0.0,276858.52,3.37,0.0,0.0,0.0,45130.42,0.0,0.0,0.00,110866.00,16961.49,0.00,239893.00,0.00
CZ08/MLI&0&cDXGF&New&dxAC_equip/NE-dxAC-PkgAC-18to33-New-SEER-17.1/instance-out.sql,840513.05,16961.49,108062.51,153603.74,0.0,239893.0,0.0,276858.52,3.37,0.0,0.0,0.0,45130.42,0.0,0.0,0.00,108062.51,16961.49,0.00,239893.00,0.00
CZ08/MLI&0&cDXGF&New&dxAC_equip/NE-dxAC-PkgAC-18to33-New-SEER-18.1/instance-out.sql,837847.85,16961.49,105397.31,153603.74,0.0,239893.0,0.0,276858.52,3.37,0.0,0.0,0.0,45130.42,0.0,0.0,0.00,105397.31,16961.49,0.00,239893.00,0.00
CZ08/MLI&0&cDXGF&New&dxAC_equip/NE-dxAC-PkgAC-33to65-New-SEER-13.4/instance-out.sql,817832.88,16963.37,85380.46,153603.74,0.0,239893.0,0.0,276858.52,3.37,0.0,0.0,0.0,45130.42,0.0,0.0,0.00,85380.46,16963.37,0.00,239893.00,0.00
CZ08/MLI&0&cDXGF&New&dxAC_equip/NE-dxAC-PkgAC-33to65-New-SEER-15.2/instance-out.sql,811808.52,16963.37,79356.1,153603.74,0.0,239893.0,0.0,276858.52,3.37,0.0,0.0,0.0,45130.42,0.0,0.0,0.00,79356.10,16963.37,0.00,239893.00,0.00
CZ08/MLI&0&cDXGF&New&dxAC_equip/NE-dxAC-PkgAC-33to65-New-SEER-16.2/instance-out.sql,809375.4600000001,16963.37,76923.04,153603.74,0.0,239893.0,0.0,276858.52,3.37,0.0,0.0,0.0,45130.42,0.0,0.0,0.00,76923.04,16963.37,0.00,239893.00,0.00
CZ08/MLI&0&cDXGF&New&dxAC_equip/NE-dxAC-PkgAC-33to65-New-SEER-17.1/instance-out.sql,807430.3,16963.37,74977.88,153603.74,0.0,239893.0,0.0,276858.52,3.37,0.0,0.0,0.0,45130.42,0.0,0.0,0.00,74977.88,16963.37,0.00,239893.00,0.00
CZ08/MLI&0&cDXGF&New&dxAC_equip/NE-dxAC-PkgAC-33to65-New-SEER-18.1/instance-out.sql,805581.0900000001,16963.37,73128.66,153603.74,0.0,239893.0,0.0,276858.52,3.37,0.0,0.0,0.0,45130.42,0.0,0.0,0.00,73128.66,16963.37,0.00,239893.00,0.00
CZ08/Mtl&0&cDXGF&New&dxAC_equip/NE-dxAC-PkgAC-18to33-New-SEER-13.4/instance-out.sql,160227.09999999998,3988.74,39190.35,34352.14,0.0,22443.33,0.0,52601.24,3.36,0.0,0.0,0.0,7647.92,0.0,0.0,0.00,39190.35,3988.74,0.00,22191.36,251.97
CZ08/Mtl&0&cDXGF&New&dxAC_equip/NE-dxAC-PkgAC-18to33-New-SEER-15.2/instance-out.sql,157937.31,3988.74,36900.56,34352.14,0.0,22443.33,0.0,52601.24,3.36,0.0,0.0,0.0,7647.92,0.0,0.0,0.00,36900.56,3988.74,0.00,22191.36,251.97
CZ08/Mtl&0&cDXGF&New&dxAC_equip/NE-dxAC-PkgAC-18to33-New-SEER-16.2/instance-out.sql,157012.53000000003,3988.74,35975.79,34352.14,0.0,22443.33,0.0,52601.24,3.36,0.0,0.0,0.0,7647.92,0.0,0.0,0.00,35975.79,3988.74,0.00,22191.36,251.97
CZ08/Mtl&0&cDXGF&New&dxAC_equip/NE-dxAC-PkgAC-18to33-New-SEER-17.1/instance-out.sql,156273.2,3988.74,35236.45,34352.14,0.0,22443.33,0.0,52601.24,3.36,0.0,0.0,0.0,7647.92,0.0,0.0,0.00,35236.45,3988.74,0.00,22191.36,251.97
CZ08/Mtl&0&cDXGF&New&dxAC_equip/NE-dxAC-PkgAC-18to33-New-SEER-18.1/instance-out.sql,155570.34000000003,3988.74,34533.59,34352.14,0.0,22443.33,0.0,52601.24,3.36,0.0,0.0,0.0,7647.92,0.0,0.0,0.00,34533.59,3988.74,0.00,22191.36,251.97
CZ08/Mtl&0&cDXGF&New&dxAC_equip/NE-dxAC-PkgAC-33to65-New-SEER-13.4/instance-out.sql,151586.69,3989.91,30548.87,34352.14,0.0,22443.33,0.0,52601.14,3.36,0.0,0.0,0.0,7647.92,0.0,0.0,0.00,30548.87,3989.91,0.00,22191.36,251.97
CZ08/Mtl&0&cDXGF&New&dxAC_equip/NE-dxAC-PkgAC-33to65-New-SEER-15.2/instance-out.sql,149906.62,3989.91,28868.8,34352.14,0.0,22443.33,0.0,52601.14,3.36,0.0,0.0,0.0,7647.92,0.0,0.0,0.00,28868.80,3989.91,0.00,22191.36,251.97
CZ08/Mtl&0&cDXGF&New&dxAC_equip/NE-dxAC-PkgAC-33to65-New-SEER-16.2/instance-out.sql,149228.09,3989.91,28190.27,34352.14,0.0,22443.33,0.0,52601.14,3.36,0.0,0.0,0.0,7647.92,0.0,0.0,0.00,28190.27,3989.91,0.00,22191.36,251.97
CZ08/Mtl&0&cDXGF&New&dxAC_equip/NE-dxAC-PkgAC-33to65-New-SEER-17.1/instance-out.sql,148685.63,3989.91,27647.81,34352.14,0.0,22443.33,0.0,52601.14,3.36,0.0,0.0,0.0,7647.92,0.0,0.0,0.00,27647.81,3989.91,0.00,22191.36,251.97
CZ08/Mtl&0&cDXGF&New&dxAC_equip/NE-dxAC-PkgAC-33to65-New-SEER-18.1/instance-out.sql,148169.91999999998,3989.91,27132.1,34352.14,0.0,22443.33,0.0,52601.14,3.36,0.0,0.0,0.0,7647.92,0.0,0.0,0.00,27132.10,3989.91,0.00,22191.36,251.97
CZ08/Nrs&0&cDXGF&New&dxAC_equip/NE-dxAC-PkgAC-18to33-New-SEER-13.4/instance-out.sql,797923.3799999999,15459.08,103422.17,103109.51,0.0,347425.87,0.0,119793.23,29.07,0.0,0.0,0.0,108684.45,0.0,0.0,0.00,103422.17,15459.08,0.00,281574.59,65851.28
CZ08/Nrs&0&cDXGF&New&dxAC_equip/NE-dxAC-PkgAC-18to33-New-SEER-15.2/instance-out.sql,794717.6699999999,15459.08,100216.46,103109.51,0.0,347425.87,0.0,119793.23,29.07,0.0,0.0,0.0,108684.45,0.0,0.0,0.00,100216.46,15459.08,0.00,281574.59,65851.28
CZ08/Nrs&0&cDXGF&New&dxAC_equip/NE-dxAC-PkgAC-18to33-New-SEER-16.2/instance-out.sql,793422.97,15459.08,98921.76,103109.51,0.0,347425.87,0.0,119793.23,29.07,0.0,0.0,0.0,108684.45,0.0,0.0,0.00,98921.76,15459.08,0.00,281574.59,65851.28
CZ08/Nrs&0&cDXGF&New&dxAC_equip/NE-dxAC-PkgAC-18to33-New-SEER-17.1/instance-out.sql,792387.8999999999,15459.08,97886.7,103109.51,0.0,347425.87,0.0,119793.23,29.07,0.0,0.0,0.0,108684.45,0.0,0.0,0.00,97886.70,15459.08,0.00,281574.59,65851.28
CZ08/Nrs&0&cDXGF&New&dxAC_equip/NE-dxAC-PkgAC-18to33-New-SEER-18.1/instance-out.sql,791403.8899999999,15459.08,96902.69,103109.51,0.0,347425.87,0.0,119793.23,29.07,0.0,0.0,0.0,108684.45,0.0,0.0,0.00,96902.69,15459.08,0.00,281574.59,65851.28
CZ08/Nrs&0&cDXGF&New&dxAC_equip/NE-dxAC-PkgAC-33to65-New-SEER-13.4/instance-out.sql,784048.48,15480.86,89547.28,103109.51,0.0,347425.87,0.0,119872.88,29.04,0.0,0.0,0.0,108583.04,0.0,0.0,0.00,89547.28,15480.86,0.00,281574.59,65851.28
CZ08/Nrs&0&cDXGF&New&dxAC_equip/NE-dxAC-PkgAC-33to65-New-SEER-15.2/instance-out.sql,781825.8300000001,15480.86,87324.64,103109.51,0.0,347425.87,0.0,119872.88,29.04,0.0,0.0,0.0,108583.04,0.0,0.0,0.00,87324.64,15480.86,0.00,281574.59,65851.28
CZ08/Nrs&0&cDXGF&New&dxAC_equip/NE-dxAC-PkgAC-33to65-New-SEER-16.2/instance-out.sql,780928.1699999999,15480.86,86426.97,103109.51,0.0,347425.87,0.0,119872.88,29.04,0.0,0.0,0.0,108583.04,0.0,0.0,0.00,86426.97,15480.86,0.00,281574.59,65851.28
CZ08/Nrs&0&cDXGF&New&dxAC_equip/NE-dxAC-PkgAC-33to65-New-SEER-17.1/instance-out.sql,780210.52,15480.86,85709.32,103109.51,0.0,347425.87,0.0,119872.88,29.04,0.0,0.0,0.0,108583.04,0.0,0.0,0.00,85709.32,15480.86,0.00,281574.59,65851.28
CZ08/Nrs&0&cDXGF&New&dxAC_equip/NE-dxAC-PkgAC-33to65-New-SEER-18.1/instance-out.sql,779528.26,15480.86,85027.07,103109.51,0.0,347425.87,0.0,119872.88,29.04,0.0,0.0,0.0,108583.04,0.0,0.0,0.00,85027.07,15480.86,0.00,281574.59,65851.28
CZ08/OfL&0&cDXGF&New&dxAC_equip/NE-dxAC-PkgAC-18to33-New-SEER-13.4/instance-out.sql,2185548.52,12018.13,429245.23,239041.7,0.0,829334.66,0.0,561845.13,3323.7,0.0,0.0,0.0,110739.96,0.0,0.0,0.00,429245.23,12018.13,0.00,829334.66,0.00
CZ08/OfL&0&cDXGF&New&dxAC_equip/NE-dxAC-PkgAC-18to33-New-SEER-15.2/instance-out.sql,2162523.75,12018.13,406220.46,239041.7,0.0,829334.66,0.0,561845.13,3323.7,0.0,0.0,0.0,110739.96,0.0,0.0,0.00,406220.46,12018.13,0.00,829334.66,0.00
CZ08/OfL&0&cDXGF&New&dxAC_equip/NE-dxAC-PkgAC-18to33-New-SEER-16.2/instance-out.sql,2153224.7199999997,12018.13,396921.42,239041.7,0.0,829334.66,0.0,561845.13,3323.7,0.0,0.0,0.0,110739.96,0.0,0.0,0.00,396921.42,12018.13,0.00,829334.66,0.00
CZ08/OfL&0&cDXGF&New&dxAC_equip/NE-dxAC-PkgAC-18to33-New-SEER-17.1/instance-out.sql,2145790.42,12018.13,389487.12,239041.7,0.0,829334.66,0.0,561845.13,3323.7,0.0,0.0,0.0,110739.96,0.0,0.0,0.00,389487.12,12018.13,0.00,829334.66,0.00
CZ08/OfL&0&cDXGF&New&dxAC_equip/NE-dxAC-PkgAC-18to33-New-SEER-18.1/instance-out.sql,2138722.83,12018.13,382419.54,239041.7,0.0,829334.66,0.0,561845.13,3323.7,0.0,0.0,0.0,110739.96,0.0,0.0,0.00,382419.54,12018.13,0.00,829334.66,0.00
CZ08/OfL&0&cDXGF&New&dxAC_equip/NE-dxAC-PkgAC-33to65-New-SEER-13.4/instance-out.sql,2054418.63,12018.79,298114.85,239041.7,0.0,829334.66,0.0,561844.97,3323.7,0.0,0.0,0.0,110739.96,0.0,0.0,0.00,298114.85,12018.79,0.00,829334.66,0.00
CZ08/OfL&0&cDXGF&New&dxAC_equip/NE-dxAC-PkgAC-33to65-New-SEER-15.2/instance-out.sql,2040646.35,12018.79,284342.57,239041.7,0.0,829334.66,0.0,561844.97,3323.7,0.0,0.0,0.0,110739.96,0.0,0.0,0.00,284342.57,12018.79,0.00,829334.66,0.00
CZ08/OfL&0&cDXGF&New&dxAC_equip/NE-dxAC-PkgAC-33to65-New-SEER-16.2/instance-out.sql,2035084.12,12018.79,278780.34,239041.7,0.0,829334.66,0.0,561844.97,3323.7,0.0,0.0,0.0,110739.96,0.0,0.0,0.00,278780.34,12018.79,0.00,829334.66,0.00
CZ08/OfL&0&cDXGF&New&dxAC_equip/NE-dxAC-PkgAC-33to65-New-SEER-17.1/instance-out.sql,2030637.29,12018.79,274333.51,239041.7,0.0,829334.66,0.0,561844.97,3323.7,0.0,0.0,0.0,110739.96,0.0,0.0,0.00,274333.51,12018.79,0.00,829334.66,0.00
CZ08/OfL&0&cDXGF&New&dxAC_equip/NE-dxAC-PkgAC-33to65-New-SEER-18.1/instance-out.sql,2026409.81,12018.79,270106.03,239041.7,0.0,829334.66,0.0,561844.97,3323.7,0.0,0.0,0.0,110739.96,0.0,0.0,0.00,270106.03,12018.79,0.00,829334.66,0.00
CZ08/OfS&0&cDXGF&New&dxAC_equip/NE-dxAC-PkgAC-18to33-New-SEER-13.4/instance-out.sql,114724.72,1096.8,18393.08,12106.19,0.0,29387.4,0.0,33041.12,1.13,0.0,0.0,0.0,20698.99,0.0,0.0,0.00,18393.08,1096.80,0.00,29387.40,0.00
CZ08/OfS&0&cDXGF&New&dxAC_equip/NE-dxAC-PkgAC-18to33-New-SEER-15.2/instance-out.sql,113427.07999999999,1096.8,17095.45,12106.19,0.0,29387.4,0.0,33041.12,1.13,0.0,0.0,0.0,20698.99,0.0,0.0,0.00,17095.45,1096.80,0.00,29387.40,0.00
CZ08/OfS&0&cDXGF&New&dxAC_equip/NE-dxAC-PkgAC-18to33-New-SEER-16.2/instance-out.sql,112903.01000000001,1096.8,16571.37,12106.19,0.0,29387.4,0.0,33041.12,1.13,0.0,0.0,0.0,20698.99,0.0,0.0,0.00,16571.37,1096.80,0.00,29387.40,0.00
CZ08/OfS&0&cDXGF&New&dxAC_equip/NE-dxAC-PkgAC-18to33-New-SEER-17.1/instance-out.sql,112484.01999999999,1096.8,16152.39,12106.19,0.0,29387.4,0.0,33041.12,1.13,0.0,0.0,0.0,20698.99,0.0,0.0,0.00,16152.39,1096.80,0.00,29387.40,0.00
CZ08/OfS&0&cDXGF&New&dxAC_equip/NE-dxAC-PkgAC-18to33-New-SEER-18.1/instance-out.sql,112085.70999999999,1096.8,15754.07,12106.19,0.0,29387.4,0.0,33041.12,1.13,0.0,0.0,0.0,20698.99,0.0,0.0,0.00,15754.07,1096.80,0.00,29387.40,0.00
CZ08/OfS&0&cDXGF&New&dxAC_equip/NE-dxAC-PkgAC-33to65-New-SEER-13.4/instance-out.sql,108234.25,1097.22,11902.19,12106.19,0.0,29387.4,0.0,33041.12,1.13,0.0,0.0,0.0,20698.99,0.0,0.0,0.00,11902.19,1097.22,0.00,29387.40,0.00
CZ08/OfS&0&cDXGF&New&dxAC_equip/NE-dxAC-PkgAC-33to65-New-SEER-15.2/instance-out.sql,107394.60999999999,1097.22,11062.55,12106.19,0.0,29387.4,0.0,33041.12,1.13,0.0,0.0,0.0,20698.99,0.0,0.0,0.00,11062.55,1097.22,0.00,29387.40,0.00
CZ08/OfS&0&cDXGF&New&dxAC_equip/NE-dxAC-PkgAC-33to65-New-SEER-16.2/instance-out.sql,107055.5,1097.22,10723.45,12106.19,0.0,29387.4,0.0,33041.12,1.13,0.0,0.0,0.0,20698.99,0.0,0.0,0.00,10723.45,1097.22,0.00,29387.40,0.00
CZ08/OfS&0&cDXGF&New&dxAC_equip/NE-dxAC-PkgAC-33to65-New-SEER-17.1/instance-out.sql,106784.4,1097.22,10452.34,12106.19,0.0,29387.4,0.0,33041.12,1.13,0.0,0.0,0.0,20698.99,0.0,0.0,0.00,10452.34,1097.22,0.00,29387.40,0.00
CZ08/OfS&0&cDXGF&New&dxAC_equip/NE-dxAC-PkgAC-33to65-New-SEER-18.1/instance-out.sql,106526.67000000001,1097.22,10194.61,12106.19,0.0,29387.4,0.0,33041.12,1.13,0.0,0.0,0.0,20698.99,0.0,0.0,0.00,10194.61,1097.22,0.00,29387.40,0.00
CZ08/RFF&0&cDXGF&New&dxAC_equip/NE-dxAC-PkgAC-18to33-New-SEER-13.4/instance-out.sql,100617.70999999999,1450.44,12036.66,6626.33,0.0,37903.17,0.0,18486.38,3.37,0.0,0.0,0.0,24111.34,0.0,0.0,0.00,12036.66,1450.44,0.00,18423.46,19479.71
CZ08/RFF&0&cDXGF&New&dxAC_equip/NE-dxAC-PkgAC-18to33-New-SEER-15.2/instance-out.sql,100206.42,1450.44,11625.37,6626.33,0.0,37903.17,0.0,18486.38,3.37,0.0,0.0,0.0,24111.34,0.0,0.0,0.00,11625.37,1450.44,0.00,18423.46,19479.71
CZ08/RFF&0&cDXGF&New&dxAC_equip/NE-dxAC-PkgAC-18to33-New-SEER-16.2/instance-out.sql,100040.31,1450.44,11459.27,6626.33,0.0,37903.17,0.0,18486.38,3.37,0.0,0.0,0.0,24111.34,0.0,0.0,0.00,11459.27,1450.44,0.00,18423.46,19479.71
CZ08/RFF&0&cDXGF&New&dxAC_equip/NE-dxAC-PkgAC-18to33-New-SEER-17.1/instance-out.sql,99907.51,1450.44,11326.47,6626.33,0.0,37903.17,0.0,18486.38,3.37,0.0,0.0,0.0,24111.34,0.0,0.0,0.00,11326.47,1450.44,0.00,18423.46,19479.71
CZ08/RFF&0&cDXGF&New&dxAC_equip/NE-dxAC-PkgAC-18to33-New-SEER-18.1/instance-out.sql,99781.26999999999,1450.44,11200.22,6626.33,0.0,37903.17,0.0,18486.38,3.37,0.0,0.0,0.0,24111.34,0.0,0.0,0.00,11200.22,1450.44,0.00,18423.46,19479.71
CZ08/RFF&0&cDXGF&New&dxAC_equip/NE-dxAC-PkgAC-33to65-New-SEER-13.4/instance-out.sql,98896.42,1450.62,10315.2,6626.33,0.0,37903.17,0.0,18486.38,3.37,0.0,0.0,0.0,24111.34,0.0,0.0,0.00,10315.20,1450.62,0.00,18423.46,19479.71
CZ08/RFF&0&cDXGF&New&dxAC_equip/NE-dxAC-PkgAC-33to65-New-SEER-15.2/instance-out.sql,98606.58,1450.62,10025.35,6626.33,0.0,37903.17,0.0,18486.38,3.37,0.0,0.0,0.0,24111.34,0.0,0.0,0.00,10025.35,1450.62,0.00,18423.46,19479.71
CZ08/RFF&0&cDXGF&New&dxAC_equip/NE-dxAC-PkgAC-33to65-New-SEER-16.2/instance-out.sql,98489.51999999999,1450.62,9908.3,6626.33,0.0,37903.17,0.0,18486.38,3.37,0.0,0.0,0.0,24111.34,0.0,0.0,0.00,9908.30,1450.62,0.00,18423.46,19479.71
CZ08/RFF&0&cDXGF&New&dxAC_equip/NE-dxAC-PkgAC-33to65-New-SEER-17.1/instance-out.sql,98395.93,1450.62,9814.71,6626.33,0.0,37903.17,0.0,18486.38,3.37,0.0,0.0,0.0,24111.34,0.0,0.0,0.00,9814.71,1450.62,0.00,18423.46,19479.71
CZ08/RFF&0&cDXGF&New&dxAC_equip/NE-dxAC-PkgAC-33to65-New-SEER-18.1/instance-out.sql,98306.97,1450.62,9725.74,6626.33,0.0,37903.17,0.0,18486.38,3.37,0.0,0.0,0.0,24111.34,0.0,0.0,0.00,9725.74,1450.62,0.00,18423.46,19479.71
CZ08/RSD&0&cDXGF&New&dxAC_equip/NE-dxAC-PkgAC-18to33-New-SEER-13.4/instance-out.sql,222077.53,18730.26,25676.74,16225.45,0.0,76546.73,0.0,23939.31,12.5,0.0,0.0,0.0,60946.54,0.0,0.0,0.00,25676.74,18730.26,0.00,37475.60,39071.13
CZ08/RSD&0&cDXGF&New&dxAC_equip/NE-dxAC-PkgAC-18to33-New-SEER-15.2/instance-out.sql,221897.78,18730.26,25496.98,16225.45,0.0,76546.73,0.0,23939.31,12.5,0.0,0.0,0.0,60946.54,0.0,0.0,0.00,25496.98,18730.26,0.00,37475.60,39071.13
CZ08/RSD&0&cDXGF&New&dxAC_equip/NE-dxAC-PkgAC-18to33-New-SEER-16.2/instance-out.sql,221825.18,18730.26,25424.38,16225.45,0.0,76546.73,0.0,23939.31,12.5,0.0,0.0,0.0,60946.54,0.0,0.0,0.00,25424.38,18730.26,0.00,37475.60,39071.13
CZ08/RSD&0&cDXGF&New&dxAC_equip/NE-dxAC-PkgAC-18to33-New-SEER-17.1/instance-out.sql,221767.14,18730.26,25366.34,16225.45,0.0,76546.73,0.0,23939.31,12.5,0.0,0.0,0.0,60946.54,0.0,0.0,0.00,25366.34,18730.26,0.00,37475.60,39071.13
CZ08/RSD&0&cDXGF&New&dxAC_equip/NE-dxAC-PkgAC-18to33-New-SEER-18.1/instance-out.sql,221711.96,18730.26,25311.16,16225.45,0.0,76546.73,0.0,23939.31,12.5,0.0,0.0,0.0,60946.54,0.0,0.0,0.00,25311.16,18730.26,0.00,37475.60,39071.13
CZ08/RSD&0&cDXGF&New&dxAC_equip/NE-dxAC-PkgAC-33to65-New-SEER-13.4/instance-out.sql,221413.01,18736.85,25005.63,16225.45,0.0,76546.73,0.0,23939.32,12.51,0.0,0.0,0.0,60946.54,0.0,0.0,0.00,25005.63,18736.85,0.00,37475.60,39071.13
CZ08/RSD&0&cDXGF&New&dxAC_equip/NE-dxAC-PkgAC-33to65-New-SEER-15.2/instance-out.sql,221280.62,18736.85,24873.25,16225.45,0.0,76546.73,0.0,23939.32,12.51,0.0,0.0,0.0,60946.54,0.0,0.0,0.00,24873.25,18736.85,0.00,37475.60,39071.13
CZ08/RSD&0&cDXGF&New&dxAC_equip/NE-dxAC-PkgAC-33to65-New-SEER-16.2/instance-out.sql,221227.15999999997,18736.85,24819.78,16225.45,0.0,76546.73,0.0,23939.32,12.51,0.0,0.0,0.0,60946.54,0.0,0.0,0.00,24819.78,18736.85,0.00,37475.60,39071.13
CZ08/RSD&0&cDXGF&New&dxAC_equip/NE-dxAC-PkgAC-33to65-New-SEER-17.1/instance-out.sql,221184.40999999997,18736.85,24777.04,16225.45,0.0,76546.73,0.0,23939.32,12.51,0.0,0.0,0.0,60946.54,0.0,0.0,0.00,24777.04,18736.85,0.00,37475.60,39071.13
CZ08/RSD&0&cDXGF&New&dxAC_equip/NE-dxAC-PkgAC-33to65-New-SEER-18.1/instance-out.sql,221143.78,18736.85,24736.4,16225.45,0.0,76546.73,0.0,23939.32,12.51,0.0,0.0,0.0,60946.54,0.0,0.0,0.00,24736.40,18736.85,0.00,37475.60,39071.13
CZ08/Rt3&0&cDXGF&New&dxAC_equip/NE-dxAC-PkgAC-18to33-New-SEER-13.4/instance-out.sql,1819833.3599999999,27971.33,289140.54,394371.6,0.0,436362.0,0.0,512654.12,3.38,0.0,0.0,0.0,159330.39,0.0,0.0,0.00,289140.54,27971.33,0.00,436362.00,0.00
CZ08/Rt3&0&cDXGF&New&dxAC_equip/NE-dxAC-PkgAC-18to33-New-SEER-15.2/instance-out.sql,1799843.96,27971.33,269151.14,394371.6,0.0,436362.0,0.0,512654.12,3.38,0.0,0.0,0.0,159330.39,0.0,0.0,0.00,269151.14,27971.33,0.00,436362.00,0.00
CZ08/Rt3&0&cDXGF&New&dxAC_equip/NE-dxAC-PkgAC-18to33-New-SEER-16.2/instance-out.sql,1791770.82,27971.33,261078.0,394371.6,0.0,436362.0,0.0,512654.12,3.38,0.0,0.0,0.0,159330.39,0.0,0.0,0.00,261078.00,27971.33,0.00,436362.00,0.00
CZ08/Rt3&0&cDXGF&New&dxAC_equip/NE-dxAC-PkgAC-18to33-New-SEER-17.1/instance-out.sql,1785316.58,27971.33,254623.76,394371.6,0.0,436362.0,0.0,512654.12,3.38,0.0,0.0,0.0,159330.39,0.0,0.0,0.00,254623.76,27971.33,0.00,436362.00,0.00
CZ08/Rt3&0&cDXGF&New&dxAC_equip/NE-dxAC-PkgAC-18to33-New-SEER-18.1/instance-out.sql,1779180.72,27971.33,248487.9,394371.6,0.0,436362.0,0.0,512654.12,3.38,0.0,0.0,0.0,159330.39,0.0,0.0,0.00,248487.90,27971.33,0.00,436362.00,0.00
CZ08/Rt3&0&cDXGF&New&dxAC_equip/NE-dxAC-PkgAC-33to65-New-SEER-13.4/instance-out.sql,1740129.88,27973.34,209435.05,394371.6,0.0,436362.0,0.0,512654.12,3.38,0.0,0.0,0.0,159330.39,0.0,0.0,0.00,209435.05,27973.34,0.00,436362.00,0.00
CZ08/Rt3&0&cDXGF&New&dxAC_equip/NE-dxAC-PkgAC-33to65-New-SEER-15.2/instance-out.sql,1725764.46,27973.34,195069.63,394371.6,0.0,436362.0,0.0,512654.12,3.38,0.0,0.0,0.0,159330.39,0.0,0.0,0.00,195069.63,27973.34,0.00,436362.00,0.00
CZ08/Rt3&0&cDXGF&New&dxAC_equip/NE-dxAC-PkgAC-33to65-New-SEER-16.2/instance-out.sql,1719962.69,27973.34,189267.86,394371.6,0.0,436362.0,0.0,512654.12,3.38,0.0,0.0,0.0,159330.39,0.0,0.0,0.00,189267.86,27973.34,0.00,436362.00,0.00
CZ08/Rt3&0&cDXGF&New&dxAC_equip/NE-dxAC-PkgAC-33to65-New-SEER-17.1/instance-out.sql,1715324.34,27973.34,184629.51,394371.6,0.0,436362.0,0.0,512654.12,3.38,0.0,0.0,0.0,159330.39,0.0,0.0,0.00,184629.51,27973.34,0.00,436362.00,0.00
CZ08/Rt3&0&cDXGF&New&dxAC_equip/NE-dxAC-PkgAC-33to65-New-SEER-18.1/instance-out.sql,1710914.8,27973.34,180219.96,394371.6,0.0,436362.0,0.0,512654.12,3.38,0.0,0.0,0.0,159330.39,0.0,0.0,0.00,180219.96,27973.34,0.00,436362.00,0.00
CZ08/RtL&0&cDXGF&New&dxAC_equip/NE-dxAC-PkgAC-18to33-New-SEER-13.4/instance-out.sql,1656865.1600000001,6391.93,253371.71,395231.18,0.0,509200.67,0.0,375286.37,3.39,0.0,0.0,0.0,117379.92,0.0,0.0,0.00,253371.71,6391.93,0.00,468847.72,40352.95
CZ08/RtL&0&cDXGF&New&dxAC_equip/NE-dxAC-PkgAC-18to33-New-SEER-15.2/instance-out.sql,1639856.73,6391.93,236363.28,395231.18,0.0,509200.67,0.0,375286.37,3.39,0.0,0.0,0.0,117379.92,0.0,0.0,0.00,236363.28,6391.93,0.00,468847.72,40352.95
CZ08/RtL&0&cDXGF&New&dxAC_equip/NE-dxAC-PkgAC-18to33-New-SEER-16.2/instance-out.sql,1632987.52,6391.93,229494.07,395231.18,0.0,509200.67,0.0,375286.37,3.39,0.0,0.0,0.0,117379.92,0.0,0.0,0.00,229494.07,6391.93,0.00,468847.72,40352.95
CZ08/RtL&0&cDXGF&New&dxAC_equip/NE-dxAC-PkgAC-18to33-New-SEER-17.1/instance-out.sql,1627495.79,6391.93,224002.34,395231.18,0.0,509200.67,0.0,375286.37,3.39,0.0,0.0,0.0,117379.92,0.0,0.0,0.00,224002.34,6391.93,0.00,468847.72,40352.95
CZ08/RtL&0&cDXGF&New&dxAC_equip/NE-dxAC-PkgAC-18to33-New-SEER-18.1/instance-out.sql,1622274.96,6391.93,218781.51,395231.18,0.0,509200.67,0.0,375286.37,3.39,0.0,0.0,0.0,117379.92,0.0,0.0,0.00,218781.51,6391.93,0.00,468847.72,40352.95
CZ08/RtL&0&cDXGF&New&dxAC_equip/NE-dxAC-PkgAC-33to65-New-SEER-13.4/instance-out.sql,1589907.41,6396.15,186409.74,395231.18,0.0,509200.67,0.0,375286.37,3.39,0.0,0.0,0.0,117379.92,0.0,0.0,0.00,186409.74,6396.15,0.00,468847.72,40352.95
CZ08/RtL&0&cDXGF&New&dxAC_equip/NE-dxAC-PkgAC-33to65-New-SEER-15.2/instance-out.sql,1577623.78,6396.15,174126.11,395231.18,0.0,509200.67,0.0,375286.37,3.39,0.0,0.0,0.0,117379.92,0.0,0.0,0.00,174126.11,6396.15,0.00,468847.72,40352.95
CZ08/RtL&0&cDXGF&New&dxAC_equip/NE-dxAC-PkgAC-33to65-New-SEER-16.2/instance-out.sql,1572662.77,6396.15,169165.11,395231.18,0.0,509200.67,0.0,375286.37,3.39,0.0,0.0,0.0,117379.92,0.0,0.0,0.00,169165.11,6396.15,0.00,468847.72,40352.95
CZ08/RtL&0&cDXGF&New&dxAC_equip/NE-dxAC-PkgAC-33to65-New-SEER-17.1/instance-out.sql,1568696.6,6396.15,165198.94,395231.18,0.0,509200.67,0.0,375286.37,3.39,0.0,0.0,0.0,117379.92,0.0,0.0,0.00,165198.94,6396.15,0.00,468847.72,40352.95
CZ08/RtL&0&cDXGF&New&dxAC_equip/NE-dxAC-PkgAC-33to65-New-SEER-18.1/instance-out.sql,1564926.07,6396.15,161428.41,395231.18,0.0,509200.67,0.0,375286.37,3.39,0.0,0.0,0.0,117379.92,0.0,0.0,0.00,161428.41,6396.15,0.00,468847.72,40352.95
CZ08/RtS&0&cDXGF&New&dxAC_equip/NE-dxAC-PkgAC-18to33-New-SEER-13.4/instance-out.sql,118584.64,4257.99,18775.06,23251.32,0.0,24440.79,0.0,32944.69,3.36,0.0,0.0,0.0,14911.42,0.0,0.0,0.00,18775.06,4257.99,0.00,24440.79,0.00
CZ08/RtS&0&cDXGF&New&dxAC_equip/NE-dxAC-PkgAC-18to33-New-SEER-15.2/instance-out.sql,117259.91,4257.99,17450.34,23251.32,0.0,24440.79,0.0,32944.69,3.36,0.0,0.0,0.0,14911.42,0.0,0.0,0.00,17450.34,4257.99,0.00,24440.79,0.00
CZ08/RtS&0&cDXGF&New&dxAC_equip/NE-dxAC-PkgAC-18to33-New-SEER-16.2/instance-out.sql,116724.89,4257.99,16915.32,23251.32,0.0,24440.79,0.0,32944.69,3.36,0.0,0.0,0.0,14911.42,0.0,0.0,0.00,16915.32,4257.99,0.00,24440.79,0.00
CZ08/RtS&0&cDXGF&New&dxAC_equip/NE-dxAC-PkgAC-18to33-New-SEER-17.1/instance-out.sql,116297.16,4257.99,16487.59,23251.32,0.0,24440.79,0.0,32944.69,3.36,0.0,0.0,0.0,14911.42,0.0,0.0,0.00,16487.59,4257.99,0.00,24440.79,0.00
CZ08/RtS&0&cDXGF&New&dxAC_equip/NE-dxAC-PkgAC-18to33-New-SEER-18.1/instance-out.sql,115890.53,4257.99,16080.95,23251.32,0.0,24440.79,0.0,32944.69,3.36,0.0,0.0,0.0,14911.42,0.0,0.0,0.00,16080.95,4257.99,0.00,24440.79,0.00
CZ08/RtS&0&cDXGF&New&dxAC_equip/NE-dxAC-PkgAC-33to65-New-SEER-13.4/instance-out.sql,113881.34,4258.23,14071.53,23251.32,0.0,24440.79,0.0,32944.69,3.36,0.0,0.0,0.0,14911.42,0.0,0.0,0.00,14071.53,4258.23,0.00,24440.79,0.00
CZ08/RtS&0&cDXGF&New&dxAC_equip/NE-dxAC-PkgAC-33to65-New-SEER-15.2/instance-out.sql,112888.5,4258.23,13078.68,23251.32,0.0,24440.79,0.0,32944.69,3.36,0.0,0.0,0.0,14911.42,0.0,0.0,0.00,13078.68,4258.23,0.00,24440.79,0.00
CZ08/RtS&0&cDXGF&New&dxAC_equip/NE-dxAC-PkgAC-33to65-New-SEER-16.2/instance-out.sql,112487.51999999999,4258.23,12677.7,23251.32,0.0,24440.79,0.0,32944.69,3.36,0.0,0.0,0.0,14911.42,0.0,0.0,0.00,12677.70,4258.23,0.00,24440.79,0.00
CZ08/RtS&0&cDXGF&New&dxAC_equip/NE-dxAC-PkgAC-33to65-New-SEER-17.1/instance-out.sql,112166.94,4258.23,12357.13,23251.32,0.0,24440.79,0.0,32944.69,3.36,0.0,0.0,0.0,14911.42,0.0,0.0,0.00,12357.13,4258.23,0.00,24440.79,0.00
CZ08/RtS&0&cDXGF&New&dxAC_equip/NE-dxAC-PkgAC-33to65-New-SEER-18.1/instance-out.sql,111862.18,4258.23,12052.37,23251.32,0.0,24440.79,0.0,32944.69,3.36,0.0,0.0,0.0,14911.42,0.0,0.0,0.00,12052.37,4258.23,0.00,24440.79,0.00
CZ08/SCn&0&cDXGF&New&dxAC_equip/NE-dxAC-PkgAC-18to33-New-SEER-13.4/instance-out.sql,2524189.76,150622.59,309850.13,571539.04,0.0,449066.39,0.0,964436.89,3.36,0.0,0.0,0.0,78671.37,0.0,0.0,0.00,309850.13,150622.59,0.00,449066.39,0.00
CZ08/SCn&0&cDXGF&New&dxAC_equip/NE-dxAC-PkgAC-18to33-New-SEER-15.2/instance-out.sql,2502326.89,150622.59,287987.26,571539.04,0.0,449066.39,0.0,964436.89,3.36,0.0,0.0,0.0,78671.37,0.0,0.0,0.00,287987.26,150622.59,0.00,449066.39,0.00
CZ08/SCn&0&cDXGF&New&dxAC_equip/NE-dxAC-PkgAC-18to33-New-SEER-16.2/instance-out.sql,2493497.11,150622.59,279157.48,571539.04,0.0,449066.39,0.0,964436.89,3.36,0.0,0.0,0.0,78671.37,0.0,0.0,0.00,279157.48,150622.59,0.00,449066.39,0.00
CZ08/SCn&0&cDXGF&New&dxAC_equip/NE-dxAC-PkgAC-18to33-New-SEER-17.1/instance-out.sql,2486437.96,150622.59,272098.33,571539.04,0.0,449066.39,0.0,964436.89,3.36,0.0,0.0,0.0,78671.37,0.0,0.0,0.00,272098.33,150622.59,0.00,449066.39,0.00
CZ08/SCn&0&cDXGF&New&dxAC_equip/NE-dxAC-PkgAC-18to33-New-SEER-18.1/instance-out.sql,2479727.03,150622.59,265387.4,571539.04,0.0,449066.39,0.0,964436.89,3.36,0.0,0.0,0.0,78671.37,0.0,0.0,0.00,265387.40,150622.59,0.00,449066.39,0.00
CZ08/SCn&0&cDXGF&New&dxAC_equip/NE-dxAC-PkgAC-33to65-New-SEER-13.4/instance-out.sql,2465821.79,150623.48,251481.27,571539.04,0.0,449066.39,0.0,964436.89,3.36,0.0,0.0,0.0,78671.37,0.0,0.0,0.00,251481.27,150623.48,0.00,449066.39,0.00
CZ08/SCn&0&cDXGF&New&dxAC_equip/NE-dxAC-PkgAC-33to65-New-SEER-15.2/instance-out.sql,2448077.4,150623.48,233736.88,571539.04,0.0,449066.39,0.0,964436.89,3.36,0.0,0.0,0.0,78671.37,0.0,0.0,0.00,233736.88,150623.48,0.00,449066.39,0.00
CZ08/SCn&0&cDXGF&New&dxAC_equip/NE-dxAC-PkgAC-33to65-New-SEER-16.2/instance-out.sql,2440910.96,150623.48,226570.44,571539.04,0.0,449066.39,0.0,964436.89,3.36,0.0,0.0,0.0,78671.37,0.0,0.0,0.00,226570.44,150623.48,0.00,449066.39,0.00
CZ08/SCn&0&cDXGF&New&dxAC_equip/NE-dxAC-PkgAC-33to65-New-SEER-17.1/instance-out.sql,2435181.6,150623.48,220841.08,571539.04,0.0,449066.39,0.0,964436.89,3.36,0.0,0.0,0.0,78671.37,0.0,0.0,0.00,220841.08,150623.48,0.00,449066.39,0.00
CZ08/SCn&0&cDXGF&New&dxAC_equip/NE-dxAC-PkgAC-33to65-New-SEER-18.1/instance-out.sql,2429734.86,150623.48,215394.34,571539.04,0.0,449066.39,0.0,964436.89,3.36,0.0,0.0,0.0,78671.37,0.0,0.0,0.00,215394.34,150623.48,0.00,449066.39,0.00

File Name,Electricity (kWh),Natural Gas (kWh)
CZ07/Asm&0&cDXGF&New&dxAC_equip/NE-dxAC-PkgAC-18to33-New-SEER-13.4/instance-out.sql,490585.40,65068.87
CZ07/Asm&0&cDXGF&New&dxAC_equip/NE-dxAC-PkgAC-18to33-New-SEER-15.2/instance-out.sql,484435.09,65068.87
CZ07/Asm&0&cDXGF&New&dxAC_equip/NE-dxAC-PkgAC-18to33-New-SEER-16.2/instance-out.sql,481951.15,65068.87
CZ07/Asm&0&cDXGF&New&dxAC_equip/NE-dxAC-PkgAC-18to33-New-SEER-17.1/instance-out.sql,479965.33,65068.87
CZ07/Asm&0&cDXGF&New&dxAC_equip/NE-dxAC-PkgAC-18to33-New-SEER-18.1/instance-out.sql,478077.45,65068.87
CZ07/Asm&0&cDXGF&New&dxAC_equip/NE-dxAC-PkgAC-33to65-New-SEER-13.4/instance-out.sql,478650.93,65073.93
CZ07/Asm&0&cDXGF&New&dxAC_equip/NE-dxAC-PkgAC-33to65-New-SEER-15.2/instance-out.sql,473342.71,65073.93
CZ07/Asm&0&cDXGF&New&dxAC_equip/NE-dxAC-PkgAC-33to65-New-SEER-16.2/instance-out.sql,471198.88,65073.93
CZ07/Asm&0&cDXGF&New&dxAC_equip/NE-dxAC-PkgAC-33to65-New-SEER-17.1/instance-out.sql,469484.94,65073.93
CZ07/Asm&0&cDXGF&New&dxAC_equip/NE-dxAC-PkgAC-33to65-New-SEER-18.1/instance-out.sql,467855.56,65073.93
CZ07/ECC&0&cDXGF&New&dxAC_equip/NE-dxAC-PkgAC-18to33-New-SEER-13.4/instance-out.sql,1853534.34,497189.81
CZ07/ECC&0&cDXGF&New&dxAC_equip/NE-dxAC-PkgAC-18to33-New-SEER-15.2/instance-out.sql,1837400.81,497189.81
CZ07/ECC&0&cDXGF&New&dxAC_equip/NE-dxAC-PkgAC-18to33-New-SEER-16.2/instance-out.sql,1830884.95,497189.81
CZ07/ECC&0&cDXGF&New&dxAC_equip/NE-dxAC-PkgAC-18to33-New-SEER-17.1/instance-out.sql,1825675.71,497189.81
CZ07/ECC&0&cDXGF&New&dxAC_equip/NE-dxAC-PkgAC-18to33-New-SEER-18.1/instance-out.sql,1820723.44,497189.81
CZ07/ECC&0&cDXGF&New&dxAC_equip/NE-dxAC-PkgAC-33to65-New-SEER-13.4/instance-out.sql,1783818.00,497186.15
CZ07/ECC&0&cDXGF&New&dxAC_equip/NE-dxAC-PkgAC-33to65-New-SEER-15.2/instance-out.sql,1772604.07,497186.15
CZ07/ECC&0&cDXGF&New&dxAC_equip/NE-dxAC-PkgAC-33to65-New-SEER-16.2/instance-out.sql,1768075.08,497186.15
CZ07/ECC&0&cDXGF&New&dxAC_equip/NE-dxAC-PkgAC-33to65-New-SEER-17.1/instance-out.sql,1764454.30,497186.15
CZ07/ECC&0&cDXGF&New&dxAC_equip/NE-dxAC-PkgAC-33to65-New-SEER-18.1/instance-out.sql,1761012.12,497186.15
CZ07/EPr&0&cDXGF&New&dxAC_equip/NE-dxAC-PkgAC-18to33-New-SEER-13.4/instance-out.sql,216338.56,127030.88
CZ07/EPr&0&cDXGF&New&dxAC_equip/NE-dxAC-PkgAC-18to33-New-SEER-15.2/instance-out.sql,214205.03,127030.88
CZ07/EPr&0&cDXGF&New&dxAC_equip/NE-dxAC-PkgAC-18to33-New-SEER-16.2/instance-out.sql,213343.36,127030.88
CZ07/EPr&0&cDXGF&New&dxAC_equip/NE-dxAC-PkgAC-18to33-New-SEER-17.1/instance-out.sql,212654.48,127030.88
CZ07/EPr&0&cDXGF&New&dxAC_equip/NE-dxAC-PkgAC-18to33-New-SEER-18.1/instance-out.sql,211999.58,127030.88
CZ07/EPr&0&cDXGF&New&dxAC_equip/NE-dxAC-PkgAC-33to65-New-SEER-13.4/instance-out.sql,210975.40,127035.33
CZ07/EPr&0&cDXGF&New&dxAC_equip/NE-dxAC-PkgAC-33to65-New-SEER-15.2/instance-out.sql,209220.28,127035.33
CZ07/EPr&0&cDXGF&New&dxAC_equip/NE-dxAC-PkgAC-33to65-New-SEER-16.2/instance-out.sql,208511.44,127035.33
CZ07/EPr&0&cDXGF&New&dxAC_equip/NE-dxAC-PkgAC-33to65-New-SEER-17.1/instance-out.sql,207944.74,127035.33
CZ07/EPr&0&cDXGF&New&dxAC_equip/NE-dxAC-PkgAC-33to65-New-SEER-18.1/instance-out.sql,207406.00,127035.33
CZ07/ERC&0&cDXGF&New&dxAC_equip/NE-dxAC-PkgAC-18to33-New-SEER-13.4/instance-out.sql,7102.63,9436.25
CZ07/ERC&0&cDXGF&New&dxAC_equip/NE-dxAC-PkgAC-18to33-New-SEER-15.2/instance-out.sql,7015.62,9436.25
CZ07/ERC&0&cDXGF&New&dxAC_equip/NE-dxAC-PkgAC-18to33-New-SEER-16.2/instance-out.sql,6980.49,9436.25
CZ07/ERC&0&cDXGF&New&dxAC_equip/NE-dxAC-PkgAC-18to33-New-SEER-17.1/instance-out.sql,6952.39,9436.25
CZ07/ERC&0&cDXGF&New&dxAC_equip/NE-dxAC-PkgAC-18to33-New-SEER-18.1/instance-out.sql,6925.69,9436.25
CZ07/ERC&0&cDXGF&New&dxAC_equip/NE-dxAC-PkgAC-33to65-New-SEER-13.4/instance-out.sql,6838.73,9436.30
CZ07/ERC&0&cDXGF&New&dxAC_equip/NE-dxAC-PkgAC-33to65-New-SEER-15.2/instance-out.sql,6770.35,9436.30
CZ07/ERC&0&cDXGF&New&dxAC_equip/NE-dxAC-PkgAC-33to65-New-SEER-16.2/instance-out.sql,6742.73,9436.30
CZ07/ERC&0&cDXGF&New&dxAC_equip/NE-dxAC-PkgAC-33to65-New-SEER-17.1/instance-out.sql,6720.65,9436.30
CZ07/ERC&0&cDXGF&New&dxAC_equip/NE-dxAC-PkgAC-33to65-New-SEER-18.1/instance-out.sql,6699.66,9436.30
CZ07/ESe&0&cDXGF&New&dxAC_equip/NE-dxAC-PkgAC-18to33-New-SEER-13.4/instance-out.sql,655320.05,313632.73
CZ07/ESe&0&cDXGF&New&dxAC_equip/NE-dxAC-PkgAC-18to33-New-SEER-15.2/instance-out.sql,652634.78,313632.73
CZ07/ESe&0&cDXGF&New&dxAC_equip/NE-dxAC-PkgAC-18to33-New-SEER-16.2/instance-out.sql,651550.27,313632.73
CZ07/ESe&0&cDXGF&New&dxAC_equip/NE-dxAC-PkgAC-18to33-New-SEER-17.1/instance-out.sql,650683.24,313632.73
CZ07/ESe&0&cDXGF&New&dxAC_equip/NE-dxAC-PkgAC-18to33-New-SEER-18.1/instance-out.sql,649858.98,313632.73
CZ07/ESe&0&cDXGF&New&dxAC_equip/NE-dxAC-PkgAC-33to65-New-SEER-13.4/instance-out.sql,645390.82,313633.26
CZ07/ESe&0&cDXGF&New&dxAC_equip/NE-dxAC-PkgAC-33to65-New-SEER-15.2/instance-out.sql,643406.09,313633.26
CZ07/ESe&0&cDXGF&New&dxAC_equip/NE-dxAC-PkgAC-33to65-New-SEER-16.2/instance-out.sql,642604.52,313633.26
CZ07/ESe&0&cDXGF&New&dxAC_equip/NE-dxAC-PkgAC-33to65-New-SEER-17.1/instance-out.sql,641963.68,313633.26
CZ07/ESe&0&cDXGF&New&dxAC_equip/NE-dxAC-PkgAC-33to65-New-SEER-18.1/instance-out.sql,641354.46,313633.26
CZ07/EUn&0&cDXGF&New&dxAC_equip/NE-dxAC-PkgAC-18to33-New-SEER-13.4/instance-out.sql,6575652.21,846250.31
CZ07/EUn&0&cDXGF&New&dxAC_equip/NE-dxAC-PkgAC-18to33-New-SEER-15.2/instance-out.sql,6526399.17,846250.31
CZ07/EUn&0&cDXGF&New&dxAC_equip/NE-dxAC-PkgAC-18to33-New-SEER-16.2/instance-out.sql,6506507.29,846250.31
CZ07/EUn&0&cDXGF&New&dxAC_equip/NE-dxAC-PkgAC-18to33-New-SEER-17.1/instance-out.sql,6490604.33,846250.31
CZ07/EUn&0&cDXGF&New&dxAC_equip/NE-dxAC-PkgAC-18to33-New-SEER-18.1/instance-out.sql,6475485.83,846250.31
CZ07/EUn&0&cDXGF&New&dxAC_equip/NE-dxAC-PkgAC-33to65-New-SEER-13.4/instance-out.sql,6319690.05,846274.73
CZ07/EUn&0&cDXGF&New&dxAC_equip/NE-dxAC-PkgAC-33to65-New-SEER-15.2/instance-out.sql,6288497.19,846274.73
CZ07/EUn&0&cDXGF&New&dxAC_equip/NE-dxAC-PkgAC-33to65-New-SEER-16.2/instance-out.sql,6275899.29,846274.73
CZ07/EUn&0&cDXGF&New&dxAC_equip/NE-dxAC-PkgAC-33to65-New-SEER-17.1/instance-out.sql,6265827.65,846274.73
CZ07/EUn&0&cDXGF&New&dxAC_equip/NE-dxAC-PkgAC-33to65-New-SEER-18.1/instance-out.sql,6256252.83,846274.73
CZ07/Gro&0&cDXGF&New&dxAC_equip/NE-dxAC-PkgAC-18to33-New-SEER-13.4/instance-out.sql,1754804.90,108590.89
CZ07/Gro&0&cDXGF&New&dxAC_equip/NE-dxAC-PkgAC-18to33-New-SEER-15.2/instance-out.sql,1753149.63,108590.89
CZ07/Gro&0&cDXGF&New&dxAC_equip/NE-dxAC-PkgAC-18to33-New-SEER-16.2/instance-out.sql,1752481.12,108590.89
CZ07/Gro&0&cDXGF&New&dxAC_equip/NE-dxAC-PkgAC-18to33-New-SEER-17.1/instance-out.sql,1751946.66,108590.89
CZ07/Gro&0&cDXGF&New&dxAC_equip/NE-dxAC-PkgAC-18to33-New-SEER-18.1/instance-out.sql,1751438.57,108590.89
CZ07/Gro&0&cDXGF&New&dxAC_equip/NE-dxAC-PkgAC-33to65-New-SEER-13.4/instance-out.sql,1750877.84,108590.25
CZ07/Gro&0&cDXGF&New&dxAC_equip/NE-dxAC-PkgAC-33to65-New-SEER-15.2/instance-out.sql,1749534.52,108590.25
CZ07/Gro&0&cDXGF&New&dxAC_equip/NE-dxAC-PkgAC-33to65-New-SEER-16.2/instance-out.sql,1748992.00,108590.25
CZ07/Gro&0&cDXGF&New&dxAC_equip/NE-dxAC-PkgAC-33to65-New-SEER-17.1/instance-out.sql,1748558.27,108590.25
CZ07/Gro&0&cDXGF&New&dxAC_equip/NE-dxAC-PkgAC-33to65-New-SEER-18.1/instance-out.sql,1748145.93,108590.25
CZ07/Hsp&0&cDXGF&New&dxAC_equip/NE-dxAC-PkgAC-18to33-New-SEER-13.4/instance-out.sql,2980787.43,382180.49
CZ07/Hsp&0&cDXGF&New&dxAC_equip/NE-dxAC-PkgAC-18to33-New-SEER-15.2/instance-out.sql,2970947.30,382180.49
CZ07/Hsp&0&cDXGF&New&dxAC_equip/NE-dxAC-PkgAC-18to33-New-SEER-16.2/instance-out.sql,2966973.16,382180.49
CZ07/Hsp&0&cDXGF&New&dxAC_equip/NE-dxAC-PkgAC-18to33-New-SEER-17.1/instance-out.sql,2963795.95,382180.49
CZ07/Hsp&0&cDXGF&New&dxAC_equip/NE-dxAC-PkgAC-18to33-New-SEER-18.1/instance-out.sql,2960775.47,382180.49
CZ07/Hsp&0&cDXGF&New&dxAC_equip/NE-dxAC-PkgAC-33to65-New-SEER-13.4/instance-out.sql,2922644.20,382197.23
CZ07/Hsp&0&cDXGF&New&dxAC_equip/NE-dxAC-PkgAC-33to65-New-SEER-15.2/instance-out.sql,2916906.61,382197.23
CZ07/Hsp&0&cDXGF&New&dxAC_equip/NE-dxAC-PkgAC-33to65-New-SEER-16.2/instance-out.sql,2914589.37,382197.23
CZ07/Hsp&0&cDXGF&New&dxAC_equip/NE-dxAC-PkgAC-33to65-New-SEER-17.1/instance-out.sql,2912736.80,382197.23
CZ07/Hsp&0&cDXGF&New&dxAC_equip/NE-dxAC-PkgAC-33to65-New-SEER-18.1/instance-out.sql,2910975.62,382197.23
CZ07/MBT&0&cDXGF&New&dxAC_equip/NE-dxAC-PkgAC-18to33-New-SEER-13.4/instance-out.sql,3007768.88,1821262.43
CZ07/MBT&0&cDXGF&New&dxAC_equip/NE-dxAC-PkgAC-18to33-New-SEER-15.2/instance-out.sql,2999139.93,1821262.43
CZ07/MBT&0&cDXGF&New&dxAC_equip/NE-dxAC-PkgAC-18to33-New-SEER-16.2/instance-out.sql,2995654.94,1821262.43
CZ07/MBT&0&cDXGF&New&dxAC_equip/NE-dxAC-PkgAC-18to33-New-SEER-17.1/instance-out.sql,2992868.80,1821262.43
CZ07/MBT&0&cDXGF&New&dxAC_equip/NE-dxAC-PkgAC-18to33-New-SEER-18.1/instance-out.sql,2990220.09,1821262.43
CZ07/MBT&0&cDXGF&New&dxAC_equip/NE-dxAC-PkgAC-33to65-New-SEER-13.4/instance-out.sql,2965430.17,1821270.51
CZ07/MBT&0&cDXGF&New&dxAC_equip/NE-dxAC-PkgAC-33to65-New-SEER-15.2/instance-out.sql,2959788.55,1821270.51
CZ07/MBT&0&cDXGF&New&dxAC_equip/NE-dxAC-PkgAC-33to65-New-SEER-16.2/instance-out.sql,2957510.06,1821270.51
CZ07/MBT&0&cDXGF&New&dxAC_equip/NE-dxAC-PkgAC-33to65-New-SEER-17.1/instance-out.sql,2955688.48,1821270.51
CZ07/MBT&0&cDXGF&New&dxAC_equip/NE-dxAC-PkgAC-33to65-New-SEER-18.1/instance-out.sql,2953956.75,1821270.51
CZ07/MLI&0&cDXGF&New&dxAC_equip/NE-dxAC-PkgAC-18to33-New-SEER-13.4/instance-out.sql,780059.39,55287.65
CZ07/MLI&0&cDXGF&New&dxAC_equip/NE-dxAC-PkgAC-18to33-New-SEER-15.2/instance-out.sql,772342.65,55287.65
CZ07/MLI&0&cDXGF&New&dxAC_equip/NE-dxAC-PkgAC-18to33-New-SEER-16.2/instance-out.sql,769226.08,55287.65
CZ07/MLI&0&cDXGF&New&dxAC_equip/NE-dxAC-PkgAC-18to33-New-SEER-17.1/instance-out.sql,766734.48,55287.65
CZ07/MLI&0&cDXGF&New&dxAC_equip/NE-dxAC-PkgAC-18to33-New-SEER-18.1/instance-out.sql,764365.78,55287.65
CZ07/MLI&0&cDXGF&New&dxAC_equip/NE-dxAC-PkgAC-33to65-New-SEER-13.4/instance-out.sql,740710.53,55289.15
CZ07/MLI&0&cDXGF&New&dxAC_equip/NE-dxAC-PkgAC-33to65-New-SEER-15.2/instance-out.sql,735770.24,55289.15
CZ07/MLI&0&cDXGF&New&dxAC_equip/NE-dxAC-PkgAC-33to65-New-SEER-16.2/instance-out.sql,733774.99,55289.15
CZ07/MLI&0&cDXGF&New&dxAC_equip/NE-dxAC-PkgAC-33to65-New-SEER-17.1/instance-out.sql,732179.86,55289.15
CZ07/MLI&0&cDXGF&New&dxAC_equip/NE-dxAC-PkgAC-33to65-New-SEER-18.1/instance-out.sql,730663.40,55289.15
CZ07/Mtl&0&cDXGF&New&dxAC_equip/NE-dxAC-PkgAC-18to33-New-SEER-13.4/instance-out.sql,139934.39,10159.00
CZ07/Mtl&0&cDXGF&New&dxAC_equip/NE-dxAC-PkgAC-18to33-New-SEER-15.2/instance-out.sql,137919.34,10159.00
CZ07/Mtl&0&cDXGF&New&dxAC_equip/NE-dxAC-PkgAC-18to33-New-SEER-16.2/instance-out.sql,137105.52,10159.00
CZ07/Mtl&0&cDXGF&New&dxAC_equip/NE-dxAC-PkgAC-18to33-New-SEER-17.1/instance-out.sql,136454.89,10159.00
CZ07/Mtl&0&cDXGF&New&dxAC_equip/NE-dxAC-PkgAC-18to33-New-SEER-18.1/instance-out.sql,135836.36,10159.00
CZ07/Mtl&0&cDXGF&New&dxAC_equip/NE-dxAC-PkgAC-33to65-New-SEER-13.4/instance-out.sql,131287.59,10159.41
CZ07/Mtl&0&cDXGF&New&dxAC_equip/NE-dxAC-PkgAC-33to65-New-SEER-15.2/instance-out.sql,129882.64,10159.41
CZ07/Mtl&0&cDXGF&New&dxAC_equip/NE-dxAC-PkgAC-33to65-New-SEER-16.2/instance-out.sql,129315.23,10159.41
CZ07/Mtl&0&cDXGF&New&dxAC_equip/NE-dxAC-PkgAC-33to65-New-SEER-17.1/instance-out.sql,128861.59,10159.41
CZ07/Mtl&0&cDXGF&New&dxAC_equip/NE-dxAC-PkgAC-33to65-New-SEER-18.1/instance-out.sql,128430.34,10159.41
CZ07/Nrs&0&cDXGF&New&dxAC_equip/NE-dxAC-PkgAC-18to33-New-SEER-13.4/instance-out.sql,591789.82,183826.44
CZ07/Nrs&0&cDXGF&New&dxAC_equip/NE-dxAC-PkgAC-18to33-New-SEER-15.2/instance-out.sql,588858.75,183826.44
CZ07/Nrs&0&cDXGF&New&dxAC_equip/NE-dxAC-PkgAC-18to33-New-SEER-16.2/instance-out.sql,587674.97,183826.44
CZ07/Nrs&0&cDXGF&New&dxAC_equip/NE-dxAC-PkgAC-18to33-New-SEER-17.1/instance-out.sql,586728.58,183826.44
CZ07/Nrs&0&cDXGF&New&dxAC_equip/NE-dxAC-PkgAC-18to33-New-SEER-18.1/instance-out.sql,585828.87,183826.44
CZ07/Nrs&0&cDXGF&New&dxAC_equip/NE-dxAC-PkgAC-33to65-New-SEER-13.4/instance-out.sql,577250.23,183808.03
CZ07/Nrs&0&cDXGF&New&dxAC_equip/NE-dxAC-PkgAC-33to65-New-SEER-15.2/instance-out.sql,575347.43,183808.03
CZ07/Nrs&0&cDXGF&New&dxAC_equip/NE-dxAC-PkgAC-33to65-New-SEER-16.2/instance-out.sql,574578.95,183808.03
CZ07/Nrs&0&cDXGF&New&dxAC_equip/NE-dxAC-PkgAC-33to65-New-SEER-17.1/instance-out.sql,573964.57,183808.03
CZ07/Nrs&0&cDXGF&New&dxAC_equip/NE-dxAC-PkgAC-33to65-New-SEER-18.1/instance-out.sql,573380.49,183808.03
CZ07/OfL&0&cDXGF&New&dxAC_equip/NE-dxAC-PkgAC-18to33-New-SEER-13.4/instance-out.sql,2020351.48,118541.63
CZ07/OfL&0&cDXGF&New&dxAC_equip/NE-dxAC-PkgAC-18to33-New-SEER-15.2/instance-out.sql,1998703.40,118541.63
CZ07/OfL&0&cDXGF&New&dxAC_equip/NE-dxAC-PkgAC-18to33-New-SEER-16.2/instance-out.sql,1989960.36,118541.63
CZ07/OfL&0&cDXGF&New&dxAC_equip/NE-dxAC-PkgAC-18to33-New-SEER-17.1/instance-out.sql,1982970.57,118541.63
CZ07/OfL&0&cDXGF&New&dxAC_equip/NE-dxAC-PkgAC-18to33-New-SEER-18.1/instance-out.sql,1976325.57,118541.63
CZ07/OfL&0&cDXGF&New&dxAC_equip/NE-dxAC-PkgAC-33to65-New-SEER-13.4/instance-out.sql,1883572.95,118542.43
CZ07/OfL&0&cDXGF&New&dxAC_equip/NE-dxAC-PkgAC-33to65-New-SEER-15.2/instance-out.sql,1871575.90,118542.43
CZ07/OfL&0&cDXGF&New&dxAC_equip/NE-dxAC-PkgAC-33to65-New-SEER-16.2/instance-out.sql,1866730.64,118542.43
CZ07/OfL&0&cDXGF&New&dxAC_equip/NE-dxAC-PkgAC-33to65-New-SEER-17.1/instance-out.sql,1862857.00,118542.43
CZ07/OfL&0&cDXGF&New&dxAC_equip/NE-dxAC-PkgAC-33to65-New-SEER-18.1/instance-out.sql,1859174.44,118542.43
CZ07/OfS&0&cDXGF&New&dxAC_equip/NE-dxAC-PkgAC-18to33-New-SEER-13.4/instance-out.sql,89382.49,21232.68
CZ07/OfS&0&cDXGF&New&dxAC_equip/NE-dxAC-PkgAC-18to33-New-SEER-15.2/instance-out.sql,88218.12,21232.68
CZ07/OfS&0&cDXGF&New&dxAC_equip/NE-dxAC-PkgAC-18to33-New-SEER-16.2/instance-out.sql,87747.87,21232.68
CZ07/OfS&0&cDXGF&New&dxAC_equip/NE-dxAC-PkgAC-18to33-New-SEER-17.1/instance-out.sql,87371.92,21232.68
CZ07/OfS&0&cDXGF&New&dxAC_equip/NE-dxAC-PkgAC-18to33-New-SEER-18.1/instance-out.sql,87014.51,21232.68
CZ07/OfS&0&cDXGF&New&dxAC_equip/NE-dxAC-PkgAC-33to65-New-SEER-13.4/instance-out.sql,82970.06,21232.87
CZ07/OfS&0&cDXGF&New&dxAC_equip/NE-dxAC-PkgAC-33to65-New-SEER-15.2/instance-out.sql,82258.15,21232.87
CZ07/OfS&0&cDXGF&New&dxAC_equip/NE-dxAC-PkgAC-33to65-New-SEER-16.2/instance-out.sql,81970.63,21232.87
CZ07/OfS&0&cDXGF&New&dxAC_equip/NE-dxAC-PkgAC-33to65-New-SEER-17.1/instance-out.sql,81740.77,21232.87
CZ07/OfS&0&cDXGF&New&dxAC_equip/NE-dxAC-PkgAC-33to65-New-SEER-18.1/instance-out.sql,81522.24,21232.87
CZ07/RFF&0&cDXGF&New&dxAC_equip/NE-dxAC-PkgAC-18to33-New-SEER-13.4/instance-out.sql,52822.39,44516.16
CZ07/RFF&0&cDXGF&New&dxAC_equip/NE-dxAC-PkgAC-18to33-New-SEER-15.2/instance-out.sql,52473.47,44516.16
CZ07/RFF&0&cDXGF&New&dxAC_equip/NE-dxAC-PkgAC-18to33-New-SEER-16.2/instance-out.sql,52332.56,44516.16
CZ07/RFF&0&cDXGF&New&dxAC_equip/NE-dxAC-PkgAC-18to33-New-SEER-17.1/instance-out.sql,52219.90,44516.16
CZ07/RFF&0&cDXGF&New&dxAC_equip/NE-dxAC-PkgAC-18to33-New-SEER-18.1/instance-out.sql,52112.79,44516.16
CZ07/RFF&0&cDXGF&New&dxAC_equip/NE-dxAC-PkgAC-33to65-New-SEER-13.4/instance-out.sql,51242.79,44516.28
CZ07/RFF&0&cDXGF&New&dxAC_equip/NE-dxAC-PkgAC-33to65-New-SEER-15.2/instance-out.sql,51005.30,44516.28
CZ07/RFF&0&cDXGF&New&dxAC_equip/NE-dxAC-PkgAC-33to65-New-SEER-16.2/instance-out.sql,50909.38,44516.28
CZ07/RFF&0&cDXGF&New&dxAC_equip/NE-dxAC-PkgAC-33to65-New-SEER-17.1/instance-out.sql,50832.70,44516.28
CZ07/RFF&0&cDXGF&New&dxAC_equip/NE-dxAC-PkgAC-33to65-New-SEER-18.1/instance-out.sql,50759.80,44516.28
CZ07/RSD&0&cDXGF&New&dxAC_equip/NE-dxAC-PkgAC-18to33-New-SEER-13.4/instance-out.sql,98848.96,112193.70
CZ07/RSD&0&cDXGF&New&dxAC_equip/NE-dxAC-PkgAC-18to33-New-SEER-15.2/instance-out.sql,98691.68,112193.70
CZ07/RSD&0&cDXGF&New&dxAC_equip/NE-dxAC-PkgAC-18to33-New-SEER-16.2/instance-out.sql,98628.16,112193.70
CZ07/RSD&0&cDXGF&New&dxAC_equip/NE-dxAC-PkgAC-18to33-New-SEER-17.1/instance-out.sql,98577.38,112193.70
CZ07/RSD&0&cDXGF&New&dxAC_equip/NE-dxAC-PkgAC-18to33-New-SEER-18.1/instance-out.sql,98529.10,112193.70
CZ07/RSD&0&cDXGF&New&dxAC_equip/NE-dxAC-PkgAC-33to65-New-SEER-13.4/instance-out.sql,98206.46,112204.47
CZ07/RSD&0&cDXGF&New&dxAC_equip/NE-dxAC-PkgAC-33to65-New-SEER-15.2/instance-out.sql,98094.79,112204.47
CZ07/RSD&0&cDXGF&New&dxAC_equip/NE-dxAC-PkgAC-33to65-New-SEER-16.2/instance-out.sql,98049.70,112204.47
CZ07/RSD&0&cDXGF&New&dxAC_equip/NE-dxAC-PkgAC-33to65-New-SEER-17.1/instance-out.sql,98013.64,112204.47
CZ07/RSD&0&cDXGF&New&dxAC_equip/NE-dxAC-PkgAC-33to65-New-SEER-18.1/instance-out.sql,97979.37,112204.47
CZ07/Rt3&0&cDXGF&New&dxAC_equip/NE-dxAC-PkgAC-18to33-New-SEER-13.4/instance-out.sql,1563881.79,177619.62
CZ07/Rt3&0&cDXGF&New&dxAC_equip/NE-dxAC-PkgAC-18to33-New-SEER-15.2/instance-out.sql,1546577.45,177619.62
CZ07/Rt3&0&cDXGF&New&dxAC_equip/NE-dxAC-PkgAC-18to33-New-SEER-16.2/instance-out.sql,1539588.72,177619.62
CZ07/Rt3&0&cDXGF&New&dxAC_equip/NE-dxAC-PkgAC-18to33-New-SEER-17.1/instance-out.sql,1534001.45,177619.62
CZ07/Rt3&0&cDXGF&New&dxAC_equip/NE-dxAC-PkgAC-18to33-New-SEER-18.1/instance-out.sql,1528689.78,177619.62
CZ07/Rt3&0&cDXGF&New&dxAC_equip/NE-dxAC-PkgAC-33to65-New-SEER-13.4/instance-out.sql,1482716.08,177621.04
CZ07/Rt3&0&cDXGF&New&dxAC_equip/NE-dxAC-PkgAC-33to65-New-SEER-15.2/instance-out.sql,1471138.71,177621.04
CZ07/Rt3&0&cDXGF&New&dxAC_equip/NE-dxAC-PkgAC-33to65-New-SEER-16.2/instance-out.sql,1466462.95,177621.04
CZ07/Rt3&0&cDXGF&New&dxAC_equip/NE-dxAC-PkgAC-33to65-New-SEER-17.1/instance-out.sql,1462724.81,177621.04
CZ07/Rt3&0&cDXGF&New&dxAC_equip/NE-dxAC-PkgAC-33to65-New-SEER-18.1/instance-out.sql,1459171.08,177621.04
CZ07/RtL&0&cDXGF&New&dxAC_equip/NE-dxAC-PkgAC-18to33-New-SEER-13.4/instance-out.sql,1465524.59,160413.04
CZ07/RtL&0&cDXGF&New&dxAC_equip/NE-dxAC-PkgAC-18to33-New-SEER-15.2/instance-out.sql,1450167.26,160413.04
CZ07/RtL&0&cDXGF&New&dxAC_equip/NE-dxAC-PkgAC-18to33-New-SEER-16.2/instance-out.sql,1443964.88,160413.04
CZ07/RtL&0&cDXGF&New&dxAC_equip/NE-dxAC-PkgAC-18to33-New-SEER-17.1/instance-out.sql,1439006.26,160413.04
CZ07/RtL&0&cDXGF&New&dxAC_equip/NE-dxAC-PkgAC-18to33-New-SEER-18.1/instance-out.sql,1434292.24,160413.04
CZ07/RtL&0&cDXGF&New&dxAC_equip/NE-dxAC-PkgAC-33to65-New-SEER-13.4/instance-out.sql,1391445.23,160416.54
CZ07/RtL&0&cDXGF&New&dxAC_equip/NE-dxAC-PkgAC-33to65-New-SEER-15.2/instance-out.sql,1381314.90,160416.54
CZ07/RtL&0&cDXGF&New&dxAC_equip/NE-dxAC-PkgAC-33to65-New-SEER-16.2/instance-out.sql,1377223.55,160416.54
CZ07/RtL&0&cDXGF&New&dxAC_equip/NE-dxAC-PkgAC-33to65-New-SEER-17.1/instance-out.sql,1373952.64,160416.54
CZ07/RtL&0&cDXGF&New&dxAC_equip/NE-dxAC-PkgAC-33to65-New-SEER-18.1/instance-out.sql,1370843.07,160416.54
CZ07/RtS&0&cDXGF&New&dxAC_equip/NE-dxAC-PkgAC-18to33-New-SEER-13.4/instance-out.sql,93015.74,17789.48
CZ07/RtS&0&cDXGF&New&dxAC_equip/NE-dxAC-PkgAC-18to33-New-SEER-15.2/instance-out.sql,91916.79,17789.48
CZ07/RtS&0&cDXGF&New&dxAC_equip/NE-dxAC-PkgAC-18to33-New-SEER-16.2/instance-out.sql,91472.96,17789.48
CZ07/RtS&0&cDXGF&New&dxAC_equip/NE-dxAC-PkgAC-18to33-New-SEER-17.1/instance-out.sql,91118.13,17789.48
CZ07/RtS&0&cDXGF&New&dxAC_equip/NE-dxAC-PkgAC-18to33-New-SEER-18.1/instance-out.sql,90780.80,17789.48
CZ07/RtS&0&cDXGF&New&dxAC_equip/NE-dxAC-PkgAC-33to65-New-SEER-13.4/instance-out.sql,88558.68,17789.74
CZ07/RtS&0&cDXGF&New&dxAC_equip/NE-dxAC-PkgAC-33to65-New-SEER-15.2/instance-out.sql,87774.22,17789.74
CZ07/RtS&0&cDXGF&New&dxAC_equip/NE-dxAC-PkgAC-33to65-New-SEER-16.2/instance-out.sql,87457.40,17789.74
CZ07/RtS&0&cDXGF&New&dxAC_equip/NE-dxAC-PkgAC-33to65-New-SEER-17.1/instance-out.sql,87204.11,17789.74
CZ07/RtS&0&cDXGF&New&dxAC_equip/NE-dxAC-PkgAC-33to65-New-SEER-18.1/instance-out.sql,86963.32,17789.74
CZ07/SCn&0&cDXGF&New&dxAC_equip/NE-dxAC-PkgAC-18to33-New-SEER-13.4/instance-out.sql,2193668.17,182551.05
CZ07/SCn&0&cDXGF&New&dxAC_equip/NE-dxAC-PkgAC-18to33-New-SEER-15.2/instance-out.sql,2176973.26,182551.05
CZ07/SCn&0&cDXGF&New&dxAC_equip/NE-dxAC-PkgAC-18to33-New-SEER-16.2/instance-out.sql,2170230.66,182551.05
CZ07/SCn&0&cDXGF&New&dxAC_equip/NE-dxAC-PkgAC-18to33-New-SEER-17.1/instance-out.sql,2164840.17,182551.05
CZ07/SCn&0&cDXGF&New&dxAC_equip/NE-dxAC-PkgAC-18to33-New-SEER-18.1/instance-out.sql,2159715.57,182551.05
CZ07/SCn&0&cDXGF&New&dxAC_equip/NE-dxAC-PkgAC-33to65-New-SEER-13.4/instance-out.sql,2143583.62,182551.49
CZ07/SCn&0&cDXGF&New&dxAC_equip/NE-dxAC-PkgAC-33to65-New-SEER-15.2/instance-out.sql,2130422.66,182551.49
CZ07/SCn&0&cDXGF&New&dxAC_equip/NE-dxAC-PkgAC-33to65-New-SEER-16.2/instance-out.sql,2125107.32,182551.49
CZ07/SCn&0&cDXGF&New&dxAC_equip/NE-dxAC-PkgAC-33to65-New-SEER-17.1/instance-out.sql,2120857.88,182551.49
CZ07/SCn&0&cDXGF&New&dxAC_equip/NE-dxAC-PkgAC-33to65-New-SEER-18.1/instance-out.sql,2116818.04,182551.49
CZ08/Asm&0&cDXGF&New&dxAC_equip/NE-dxAC-PkgAC-18to33-New-SEER-13.4/instance-out.sql,512853.81,81565.18
CZ08/Asm&0&cDXGF&New&dxAC_equip/NE-dxAC-PkgAC-18to33-New-SEER-15.2/instance-out.sql,505311.60,81565.18
CZ08/Asm&0&cDXGF&New&dxAC_equip/NE-dxAC-PkgAC-18to33-New-SEER-16.2/instance-out.sql,502265.52,81565.18
CZ08/Asm&0&cDXGF&New&dxAC_equip/NE-dxAC-PkgAC-18to33-New-SEER-17.1/instance-out.sql,499830.27,81565.18
CZ08/Asm&0&cDXGF&New&dxAC_equip/NE-dxAC-PkgAC-18to33-New-SEER-18.1/instance-out.sql,497515.14,81565.18
CZ08/Asm&0&cDXGF&New&dxAC_equip/NE-dxAC-PkgAC-33to65-New-SEER-13.4/instance-out.sql,501418.14,81591.82
CZ08/Asm&0&cDXGF&New&dxAC_equip/NE-dxAC-PkgAC-33to65-New-SEER-15.2/instance-out.sql,494682.83,81591.82
CZ08/Asm&0&cDXGF&New&dxAC_equip/NE-dxAC-PkgAC-33to65-New-SEER-16.2/instance-out.sql,491962.63,81591.82
CZ08/Asm&0&cDXGF&New&dxAC_equip/NE-dxAC-PkgAC-33to65-New-SEER-17.1/instance-out.sql,489787.91,81591.82
CZ08/Asm&0&cDXGF&New&dxAC_equip/NE-dxAC-PkgAC-33to65-New-SEER-18.1/instance-out.sql,487720.47,81591.82
CZ08/ECC&0&cDXGF&New&dxAC_equip/NE-dxAC-PkgAC-18to33-New-SEER-13.4/instance-out.sql,1911710.42,503638.38
CZ08/ECC&0&cDXGF&New&dxAC_equip/NE-dxAC-PkgAC-18to33-New-SEER-15.2/instance-out.sql,1893317.10,503638.38
CZ08/ECC&0&cDXGF&New&dxAC_equip/NE-dxAC-PkgAC-18to33-New-SEER-16.2/instance-out.sql,1885888.57,503638.38
CZ08/ECC&0&cDXGF&New&dxAC_equip/NE-dxAC-PkgAC-18to33-New-SEER-17.1/instance-out.sql,1879949.68,503638.38
CZ08/ECC&0&cDXGF&New&dxAC_equip/NE-dxAC-PkgAC-18to33-New-SEER-18.1/instance-out.sql,1874303.74,503638.38
CZ08/ECC&0&cDXGF&New&dxAC_equip/NE-dxAC-PkgAC-33to65-New-SEER-13.4/instance-out.sql,1841153.01,503646.07
CZ08/ECC&0&cDXGF&New&dxAC_equip/NE-dxAC-PkgAC-33to65-New-SEER-15.2/instance-out.sql,1827738.16,503646.07
CZ08/ECC&0&cDXGF&New&dxAC_equip/NE-dxAC-PkgAC-33to65-New-SEER-16.2/instance-out.sql,1822320.28,503646.07
CZ08/ECC&0&cDXGF&New&dxAC_equip/NE-dxAC-PkgAC-33to65-New-SEER-17.1/instance-out.sql,1817988.86,503646.07
CZ08/ECC&0&cDXGF&New&dxAC_equip/NE-dxAC-PkgAC-33to65-New-SEER-18.1/instance-out.sql,1813871.09,503646.07
CZ08/EPr&0&cDXGF&New&dxAC_equip/NE-dxAC-PkgAC-18to33-New-SEER-13.4/instance-out.sql,223442.61,129201.54
CZ08/EPr&0&cDXGF&New&dxAC_equip/NE-dxAC-PkgAC-18to33-New-SEER-15.2/instance-out.sql,220935.34,129201.54
CZ08/EPr&0&cDXGF&New&dxAC_equip/NE-dxAC-PkgAC-18to33-New-SEER-16.2/instance-out.sql,219922.73,129201.54
CZ08/EPr&0&cDXGF&New&dxAC_equip/NE-dxAC-PkgAC-18to33-New-SEER-17.1/instance-out.sql,219113.18,129201.54
CZ08/EPr&0&cDXGF&New&dxAC_equip/NE-dxAC-PkgAC-18to33-New-SEER-18.1/instance-out.sql,218343.56,129201.54
CZ08/EPr&0&cDXGF&New&dxAC_equip/NE-dxAC-PkgAC-33to65-New-SEER-13.4/instance-out.sql,217990.76,129204.14
CZ08/EPr&0&cDXGF&New&dxAC_equip/NE-dxAC-PkgAC-33to65-New-SEER-15.2/instance-out.sql,215868.16,129204.14
CZ08/EPr&0&cDXGF&New&dxAC_equip/NE-dxAC-PkgAC-33to65-New-SEER-16.2/instance-out.sql,215010.90,129204.14
CZ08/EPr&0&cDXGF&New&dxAC_equip/NE-dxAC-PkgAC-33to65-New-SEER-17.1/instance-out.sql,214325.55,129204.14
CZ08/EPr&0&cDXGF&New&dxAC_equip/NE-dxAC-PkgAC-33to65-New-SEER-18.1/instance-out.sql,213674.01,129204.14
CZ08/ERC&0&cDXGF&New&dxAC_equip/NE-dxAC-PkgAC-18to33-New-SEER-13.4/instance-out.sql,7554.38,9556.23
CZ08/ERC&0&cDXGF&New&dxAC_equip/NE-dxAC-PkgAC-18to33-New-SEER-15.2/instance-out.sql,7448.43,9556.23
CZ08/ERC&0&cDXGF&New&dxAC_equip/NE-dxAC-PkgAC-18to33-New-SEER-16.2/instance-out.sql,7405.63,9556.23
CZ08/ERC&0&cDXGF&New&dxAC_equip/NE-dxAC-PkgAC-18to33-New-SEER-17.1/instance-out.sql,7371.42,9556.23
CZ08/ERC&0&cDXGF&New&dxAC_equip/NE-dxAC-PkgAC-18to33-New-SEER-18.1/instance-out.sql,7338.90,9556.23
CZ08/ERC&0&cDXGF&New&dxAC_equip/NE-dxAC-PkgAC-33to65-New-SEER-13.4/instance-out.sql,7269.50,9556.28
CZ08/ERC&0&cDXGF&New&dxAC_equip/NE-dxAC-PkgAC-33to65-New-SEER-15.2/instance-out.sql,7183.64,9556.28
CZ08/ERC&0&cDXGF&New&dxAC_equip/NE-dxAC-PkgAC-33to65-New-SEER-16.2/instance-out.sql,7148.97,9556.28
CZ08/ERC&0&cDXGF&New&dxAC_equip/NE-dxAC-PkgAC-33to65-New-SEER-17.1/instance-out.sql,7121.25,9556.28
CZ08/ERC&0&cDXGF&New&dxAC_equip/NE-dxAC-PkgAC-33to65-New-SEER-18.1/instance-out.sql,7094.90,9556.28
CZ08/ESe&0&cDXGF&New&dxAC_equip/NE-dxAC-PkgAC-18to33-New-SEER-13.4/instance-out.sql,692914.09,326062.26
CZ08/ESe&0&cDXGF&New&dxAC_equip/NE-dxAC-PkgAC-18to33-New-SEER-15.2/instance-out.sql,689812.28,326062.26
CZ08/ESe&0&cDXGF&New&dxAC_equip/NE-dxAC-PkgAC-18to33-New-SEER-16.2/instance-out.sql,688559.55,326062.26
CZ08/ESe&0&cDXGF&New&dxAC_equip/NE-dxAC-PkgAC-18to33-New-SEER-17.1/instance-out.sql,687558.03,326062.26
CZ08/ESe&0&cDXGF&New&dxAC_equip/NE-dxAC-PkgAC-18to33-New-SEER-18.1/instance-out.sql,686605.92,326062.26
CZ08/ESe&0&cDXGF&New&dxAC_equip/NE-dxAC-PkgAC-33to65-New-SEER-13.4/instance-out.sql,682857.39,326059.18
CZ08/ESe&0&cDXGF&New&dxAC_equip/NE-dxAC-PkgAC-33to65-New-SEER-15.2/instance-out.sql,680465.16,326059.18
CZ08/ESe&0&cDXGF&New&dxAC_equip/NE-dxAC-PkgAC-33to65-New-SEER-16.2/instance-out.sql,679499.00,326059.18
CZ08/ESe&0&cDXGF&New&dxAC_equip/NE-dxAC-PkgAC-33to65-New-SEER-17.1/instance-out.sql,678726.59,326059.18
CZ08/ESe&0&cDXGF&New&dxAC_equip/NE-dxAC-PkgAC-33to65-New-SEER-18.1/instance-out.sql,677992.28,326059.18
CZ08/EUn&0&cDXGF&New&dxAC_equip/NE-dxAC-PkgAC-18to33-New-SEER-13.4/instance-out.sql,6670952.60,863290.93
CZ08/EUn&0&cDXGF&New&dxAC_equip/NE-dxAC-PkgAC-18to33-New-SEER-15.2/instance-out.sql,6617729.58,863290.93
CZ08/EUn&0&cDXGF&New&dxAC_equip/NE-dxAC-PkgAC-18to33-New-SEER-16.2/instance-out.sql,6596234.34,863290.93
CZ08/EUn&0&cDXGF&New&dxAC_equip/NE-dxAC-PkgAC-18to33-New-SEER-17.1/instance-out.sql,6579049.55,863290.93
CZ08/EUn&0&cDXGF&New&dxAC_equip/NE-dxAC-PkgAC-18to33-New-SEER-18.1/instance-out.sql,6562712.44,863290.93
CZ08/EUn&0&cDXGF&New&dxAC_equip/NE-dxAC-PkgAC-33to65-New-SEER-13.4/instance-out.sql,6428561.78,863318.97
CZ08/EUn&0&cDXGF&New&dxAC_equip/NE-dxAC-PkgAC-33to65-New-SEER-15.2/instance-out.sql,6392440.52,863318.97
CZ08/EUn&0&cDXGF&New&dxAC_equip/NE-dxAC-PkgAC-33to65-New-SEER-16.2/instance-out.sql,6377852.19,863318.97
CZ08/EUn&0&cDXGF&New&dxAC_equip/NE-dxAC-PkgAC-33to65-New-SEER-17.1/instance-out.sql,6366189.26,863318.97
CZ08/EUn&0&cDXGF&New&dxAC_equip/NE-dxAC-PkgAC-33to65-New-SEER-18.1/instance-out.sql,6355101.63,863318.97
CZ08/Gro&0&cDXGF&New&dxAC_equip/NE-dxAC-PkgAC-18to33-New-SEER-13.4/instance-out.sql,1757989.17,115276.77
CZ08/Gro&0&cDXGF&New&dxAC_equip/NE-dxAC-PkgAC-18to33-New-SEER-15.2/instance-out.sql,1755679.56,115276.77
CZ08/Gro&0&cDXGF&New&dxAC_equip/NE-dxAC-PkgAC-18to33-New-SEER-16.2/instance-out.sql,1754746.77,115276.77
CZ08/Gro&0&cDXGF&New&dxAC_equip/NE-dxAC-PkgAC-18to33-New-SEER-17.1/instance-out.sql,1754001.04,115276.77
CZ08/Gro&0&cDXGF&New&dxAC_equip/NE-dxAC-PkgAC-18to33-New-SEER-18.1/instance-out.sql,1753292.09,115276.77
CZ08/Gro&0&cDXGF&New&dxAC_equip/NE-dxAC-PkgAC-33to65-New-SEER-13.4/instance-out.sql,1754800.37,115270.75
CZ08/Gro&0&cDXGF&New&dxAC_equip/NE-dxAC-PkgAC-33to65-New-SEER-15.2/instance-out.sql,1752812.39,115270.75
CZ08/Gro&0&cDXGF&New&dxAC_equip/NE-dxAC-PkgAC-33to65-New-SEER-16.2/instance-out.sql,1752009.50,115270.75
CZ08/Gro&0&cDXGF&New&dxAC_equip/NE-dxAC-PkgAC-33to65-New-SEER-17.1/instance-out.sql,1751367.62,115270.75
CZ08/Gro&0&cDXGF&New&dxAC_equip/NE-dxAC-PkgAC-33to65-New-SEER-18.1/instance-out.sql,1750757.40,115270.75
CZ08/Hsp&0&cDXGF&New&dxAC_equip/NE-dxAC-PkgAC-18to33-New-SEER-13.4/instance-out.sql,3116473.75,426434.13
CZ08/Hsp&0&cDXGF&New&dxAC_equip/NE-dxAC-PkgAC-18to33-New-SEER-15.2/instance-out.sql,3105882.98,426434.13
CZ08/Hsp&0&cDXGF&New&dxAC_equip/NE-dxAC-PkgAC-18to33-New-SEER-16.2/instance-out.sql,3101605.67,426434.13
CZ08/Hsp&0&cDXGF&New&dxAC_equip/NE-dxAC-PkgAC-18to33-New-SEER-17.1/instance-out.sql,3098186.09,426434.13
CZ08/Hsp&0&cDXGF&New&dxAC_equip/NE-dxAC-PkgAC-18to33-New-SEER-18.1/instance-out.sql,3094935.19,426434.13
CZ08/Hsp&0&cDXGF&New&dxAC_equip/NE-dxAC-PkgAC-33to65-New-SEER-13.4/instance-out.sql,3061003.75,426440.05
CZ08/Hsp&0&cDXGF&New&dxAC_equip/NE-dxAC-PkgAC-33to65-New-SEER-15.2/instance-out.sql,3054329.04,426440.05
CZ08/Hsp&0&cDXGF&New&dxAC_equip/NE-dxAC-PkgAC-33to65-New-SEER-16.2/instance-out.sql,3051633.32,426440.05
CZ08/Hsp&0&cDXGF&New&dxAC_equip/NE-dxAC-PkgAC-33to65-New-SEER-17.1/instance-out.sql,3049478.18,426440.05
CZ08/Hsp&0&cDXGF&New&dxAC_equip/NE-dxAC-PkgAC-33to65-New-SEER-18.1/instance-out.sql,3047429.34,426440.05
CZ08/MBT&0&cDXGF&New&dxAC_equip/NE-dxAC-PkgAC-18to33-New-SEER-13.4/instance-out.sql,3088925.38,2040019.34
CZ08/MBT&0&cDXGF&New&dxAC_equip/NE-dxAC-PkgAC-18to33-New-SEER-15.2/instance-out.sql,3079398.79,2040019.34
CZ08/MBT&0&cDXGF&New&dxAC_equip/NE-dxAC-PkgAC-18to33-New-SEER-16.2/instance-out.sql,3075551.27,2040019.34
CZ08/MBT&0&cDXGF&New&dxAC_equip/NE-dxAC-PkgAC-18to33-New-SEER-17.1/instance-out.sql,3072475.29,2040019.34
CZ08/MBT&0&cDXGF&New&dxAC_equip/NE-dxAC-PkgAC-18to33-New-SEER-18.1/instance-out.sql,3069551.05,2040019.34
CZ08/MBT&0&cDXGF&New&dxAC_equip/NE-dxAC-PkgAC-33to65-New-SEER-13.4/instance-out.sql,3047430.54,2040027.00
CZ08/MBT&0&cDXGF&New&dxAC_equip/NE-dxAC-PkgAC-33to65-New-SEER-15.2/instance-out.sql,3040831.75,2040027.00
CZ08/MBT&0&cDXGF&New&dxAC_equip/NE-dxAC-PkgAC-33to65-New-SEER-16.2/instance-out.sql,3038166.68,2040027.00
CZ08/MBT&0&cDXGF&New&dxAC_equip/NE-dxAC-PkgAC-33to65-New-SEER-17.1/instance-out.sql,3036036.05,2040027.00
CZ08/MBT&0&cDXGF&New&dxAC_equip/NE-dxAC-PkgAC-33to65-New-SEER-18.1/instance-out.sql,3034010.51,2040027.00
CZ08/MLI&0&cDXGF&New&dxAC_equip/NE-dxAC-PkgAC-18to33-New-SEER-13.4/instance-out.sql,793414.01,62091.91
CZ08/MLI&0&cDXGF&New&dxAC_equip/NE-dxAC-PkgAC-18to33-New-SEER-15.2/instance-out.sql,784731.32,62091.91
CZ08/MLI&0&cDXGF&New&dxAC_equip/NE-dxAC-PkgAC-18to33-New-SEER-16.2/instance-out.sql,781224.63,62091.91
CZ08/MLI&0&cDXGF&New&dxAC_equip/NE-dxAC-PkgAC-18to33-New-SEER-17.1/instance-out.sql,778421.14,62091.91
CZ08/MLI&0&cDXGF&New&dxAC_equip/NE-dxAC-PkgAC-18to33-New-SEER-18.1/instance-out.sql,775755.94,62091.91
CZ08/MLI&0&cDXGF&New&dxAC_equip/NE-dxAC-PkgAC-33to65-New-SEER-13.4/instance-out.sql,755739.09,62093.79
CZ08/MLI&0&cDXGF&New&dxAC_equip/NE-dxAC-PkgAC-33to65-New-SEER-15.2/instance-out.sql,749714.73,62093.79
CZ08/MLI&0&cDXGF&New&dxAC_equip/NE-dxAC-PkgAC-33to65-New-SEER-16.2/instance-out.sql,747281.67,62093.79
CZ08/MLI&0&cDXGF&New&dxAC_equip/NE-dxAC-PkgAC-33to65-New-SEER-17.1/instance-out.sql,745336.51,62093.79
CZ08/MLI&0&cDXGF&New&dxAC_equip/NE-dxAC-PkgAC-33to65-New-SEER-18.1/instance-out.sql,743487.30,62093.79
CZ08/Mtl&0&cDXGF&New&dxAC_equip/NE-dxAC-PkgAC-18to33-New-SEER-13.4/instance-out.sql,148338.46,11888.64
CZ08/Mtl&0&cDXGF&New&dxAC_equip/NE-dxAC-PkgAC-18to33-New-SEER-15.2/instance-out.sql,146048.67,11888.64
CZ08/Mtl&0&cDXGF&New&dxAC_equip/NE-dxAC-PkgAC-18to33-New-SEER-16.2/instance-out.sql,145123.89,11888.64
CZ08/Mtl&0&cDXGF&New&dxAC_equip/NE-dxAC-PkgAC-18to33-New-SEER-17.1/instance-out.sql,144384.56,11888.64
CZ08/Mtl&0&cDXGF&New&dxAC_equip/NE-dxAC-PkgAC-18to33-New-SEER-18.1/instance-out.sql,143681.70,11888.64
CZ08/Mtl&0&cDXGF&New&dxAC_equip/NE-dxAC-PkgAC-33to65-New-SEER-13.4/instance-out.sql,139696.88,11889.81
CZ08/Mtl&0&cDXGF&New&dxAC_equip/NE-dxAC-PkgAC-33to65-New-SEER-15.2/instance-out.sql,138016.81,11889.81
CZ08/Mtl&0&cDXGF&New&dxAC_equip/NE-dxAC-PkgAC-33to65-New-SEER-16.2/instance-out.sql,137338.28,11889.81
CZ08/Mtl&0&cDXGF&New&dxAC_equip/NE-dxAC-PkgAC-33to65-New-SEER-17.1/instance-out.sql,136795.82,11889.81
CZ08/Mtl&0&cDXGF&New&dxAC_equip/NE-dxAC-PkgAC-33to65-New-SEER-18.1/instance-out.sql,136280.11,11889.81
CZ08/Nrs&0&cDXGF&New&dxAC_equip/NE-dxAC-PkgAC-18to33-New-SEER-13.4/instance-out.sql,607928.57,189994.81
CZ08/Nrs&0&cDXGF&New&dxAC_equip/NE-dxAC-PkgAC-18to33-New-SEER-15.2/instance-out.sql,604722.86,189994.81
CZ08/Nrs&0&cDXGF&New&dxAC_equip/NE-dxAC-PkgAC-18to33-New-SEER-16.2/instance-out.sql,603428.16,189994.81
CZ08/Nrs&0&cDXGF&New&dxAC_equip/NE-dxAC-PkgAC-18to33-New-SEER-17.1/instance-out.sql,602393.09,189994.81
CZ08/Nrs&0&cDXGF&New&dxAC_equip/NE-dxAC-PkgAC-18to33-New-SEER-18.1/instance-out.sql,601409.08,189994.81
CZ08/Nrs&0&cDXGF&New&dxAC_equip/NE-dxAC-PkgAC-33to65-New-SEER-13.4/instance-out.sql,594133.30,189915.18
CZ08/Nrs&0&cDXGF&New&dxAC_equip/NE-dxAC-PkgAC-33to65-New-SEER-15.2/instance-out.sql,591910.65,189915.18
CZ08/Nrs&0&cDXGF&New&dxAC_equip/NE-dxAC-PkgAC-33to65-New-SEER-16.2/instance-out.sql,591012.99,189915.18
CZ08/Nrs&0&cDXGF&New&dxAC_equip/NE-dxAC-PkgAC-33to65-New-SEER-17.1/instance-out.sql,590295.34,189915.18
CZ08/Nrs&0&cDXGF&New&dxAC_equip/NE-dxAC-PkgAC-33to65-New-SEER-18.1/instance-out.sql,589613.08,189915.18
CZ08/OfL&0&cDXGF&New&dxAC_equip/NE-dxAC-PkgAC-18to33-New-SEER-13.4/instance-out.sql,2062790.43,122758.09
CZ08/OfL&0&cDXGF&New&dxAC_equip/NE-dxAC-PkgAC-18to33-New-SEER-15.2/instance-out.sql,2039765.66,122758.09
CZ08/OfL&0&cDXGF&New&dxAC_equip/NE-dxAC-PkgAC-18to33-New-SEER-16.2/instance-out.sql,2030466.63,122758.09
CZ08/OfL&0&cDXGF&New&dxAC_equip/NE-dxAC-PkgAC-18to33-New-SEER-17.1/instance-out.sql,2023032.33,122758.09
CZ08/OfL&0&cDXGF&New&dxAC_equip/NE-dxAC-PkgAC-18to33-New-SEER-18.1/instance-out.sql,2015964.74,122758.09
CZ08/OfL&0&cDXGF&New&dxAC_equip/NE-dxAC-PkgAC-33to65-New-SEER-13.4/instance-out.sql,1931659.88,122758.75
CZ08/OfL&0&cDXGF&New&dxAC_equip/NE-dxAC-PkgAC-33to65-New-SEER-15.2/instance-out.sql,1917887.60,122758.75
CZ08/OfL&0&cDXGF&New&dxAC_equip/NE-dxAC-PkgAC-33to65-New-SEER-16.2/instance-out.sql,1912325.37,122758.75
CZ08/OfL&0&cDXGF&New&dxAC_equip/NE-dxAC-PkgAC-33to65-New-SEER-17.1/instance-out.sql,1907878.54,122758.75
CZ08/OfL&0&cDXGF&New&dxAC_equip/NE-dxAC-PkgAC-33to65-New-SEER-18.1/instance-out.sql,1903651.06,122758.75
CZ08/OfS&0&cDXGF&New&dxAC_equip/NE-dxAC-PkgAC-18to33-New-SEER-13.4/instance-out.sql,92928.93,21795.79
CZ08/OfS&0&cDXGF&New&dxAC_equip/NE-dxAC-PkgAC-18to33-New-SEER-15.2/instance-out.sql,91631.29,21795.79
CZ08/OfS&0&cDXGF&New&dxAC_equip/NE-dxAC-PkgAC-18to33-New-SEER-16.2/instance-out.sql,91107.22,21795.79
CZ08/OfS&0&cDXGF&New&dxAC_equip/NE-dxAC-PkgAC-18to33-New-SEER-17.1/instance-out.sql,90688.23,21795.79
CZ08/OfS&0&cDXGF&New&dxAC_equip/NE-dxAC-PkgAC-18to33-New-SEER-18.1/instance-out.sql,90289.92,21795.79
CZ08/OfS&0&cDXGF&New&dxAC_equip/NE-dxAC-PkgAC-33to65-New-SEER-13.4/instance-out.sql,86438.04,21796.21
CZ08/OfS&0&cDXGF&New&dxAC_equip/NE-dxAC-PkgAC-33to65-New-SEER-15.2/instance-out.sql,85598.40,21796.21
CZ08/OfS&0&cDXGF&New&dxAC_equip/NE-dxAC-PkgAC-33to65-New-SEER-16.2/instance-out.sql,85259.29,21796.21
CZ08/OfS&0&cDXGF&New&dxAC_equip/NE-dxAC-PkgAC-33to65-New-SEER-17.1/instance-out.sql,84988.19,21796.21
CZ08/OfS&0&cDXGF&New&dxAC_equip/NE-dxAC-PkgAC-33to65-New-SEER-18.1/instance-out.sql,84730.46,21796.21
CZ08/RFF&0&cDXGF&New&dxAC_equip/NE-dxAC-PkgAC-18to33-New-SEER-13.4/instance-out.sql,55576.22,45041.49
CZ08/RFF&0&cDXGF&New&dxAC_equip/NE-dxAC-PkgAC-18to33-New-SEER-15.2/instance-out.sql,55164.93,45041.49
CZ08/RFF&0&cDXGF&New&dxAC_equip/NE-dxAC-PkgAC-18to33-New-SEER-16.2/instance-out.sql,54998.82,45041.49
CZ08/RFF&0&cDXGF&New&dxAC_equip/NE-dxAC-PkgAC-18to33-New-SEER-17.1/instance-out.sql,54866.02,45041.49
CZ08/RFF&0&cDXGF&New&dxAC_equip/NE-dxAC-PkgAC-18to33-New-SEER-18.1/instance-out.sql,54739.78,45041.49
CZ08/RFF&0&cDXGF&New&dxAC_equip/NE-dxAC-PkgAC-33to65-New-SEER-13.4/instance-out.sql,53854.75,45041.67
CZ08/RFF&0&cDXGF&New&dxAC_equip/NE-dxAC-PkgAC-33to65-New-SEER-15.2/instance-out.sql,53564.91,45041.67
CZ08/RFF&0&cDXGF&New&dxAC_equip/NE-dxAC-PkgAC-33to65-New-SEER-16.2/instance-out.sql,53447.85,45041.67
CZ08/RFF&0&cDXGF&New&dxAC_equip/NE-dxAC-PkgAC-33to65-New-SEER-17.1/instance-out.sql,53354.26,45041.67
CZ08/RFF&0&cDXGF&New&dxAC_equip/NE-dxAC-PkgAC-33to65-New-SEER-18.1/instance-out.sql,53265.30,45041.67
CZ08/RSD&0&cDXGF&New&dxAC_equip/NE-dxAC-PkgAC-18to33-New-SEER-13.4/instance-out.sql,103329.60,118747.93
CZ08/RSD&0&cDXGF&New&dxAC_equip/NE-dxAC-PkgAC-18to33-New-SEER-15.2/instance-out.sql,103149.85,118747.93
CZ08/RSD&0&cDXGF&New&dxAC_equip/NE-dxAC-PkgAC-18to33-New-SEER-16.2/instance-out.sql,103077.25,118747.93
CZ08/RSD&0&cDXGF&New&dxAC_equip/NE-dxAC-PkgAC-18to33-New-SEER-17.1/instance-out.sql,103019.21,118747.93
CZ08/RSD&0&cDXGF&New&dxAC_equip/NE-dxAC-PkgAC-18to33-New-SEER-18.1/instance-out.sql,102964.03,118747.93
CZ08/RSD&0&cDXGF&New&dxAC_equip/NE-dxAC-PkgAC-33to65-New-SEER-13.4/instance-out.sql,102658.50,118754.51
CZ08/RSD&0&cDXGF&New&dxAC_equip/NE-dxAC-PkgAC-33to65-New-SEER-15.2/instance-out.sql,102526.11,118754.51
CZ08/RSD&0&cDXGF&New&dxAC_equip/NE-dxAC-PkgAC-33to65-New-SEER-16.2/instance-out.sql,102472.65,118754.51
CZ08/RSD&0&cDXGF&New&dxAC_equip/NE-dxAC-PkgAC-33to65-New-SEER-17.1/instance-out.sql,102429.90,118754.51
CZ08/RSD&0&cDXGF&New&dxAC_equip/NE-dxAC-PkgAC-33to65-New-SEER-18.1/instance-out.sql,102389.27,118754.51
CZ08/Rt3&0&cDXGF&New&dxAC_equip/NE-dxAC-PkgAC-18to33-New-SEER-13.4/instance-out.sql,1632531.64,187301.72
CZ08/Rt3&0&cDXGF&New&dxAC_equip/NE-dxAC-PkgAC-18to33-New-SEER-15.2/instance-out.sql,1612542.24,187301.72
CZ08/Rt3&0&cDXGF&New&dxAC_equip/NE-dxAC-PkgAC-18to33-New-SEER-16.2/instance-out.sql,1604469.10,187301.72
CZ08/Rt3&0&cDXGF&New&dxAC_equip/NE-dxAC-PkgAC-18to33-New-SEER-17.1/instance-out.sql,1598014.86,187301.72
CZ08/Rt3&0&cDXGF&New&dxAC_equip/NE-dxAC-PkgAC-18to33-New-SEER-18.1/instance-out.sql,1591879.00,187301.72
CZ08/Rt3&0&cDXGF&New&dxAC_equip/NE-dxAC-PkgAC-33to65-New-SEER-13.4/instance-out.sql,1552826.15,187303.73
CZ08/Rt3&0&cDXGF&New&dxAC_equip/NE-dxAC-PkgAC-33to65-New-SEER-15.2/instance-out.sql,1538460.73,187303.73
CZ08/Rt3&0&cDXGF&New&dxAC_equip/NE-dxAC-PkgAC-33to65-New-SEER-16.2/instance-out.sql,1532658.96,187303.73
CZ08/Rt3&0&cDXGF&New&dxAC_equip/NE-dxAC-PkgAC-33to65-New-SEER-17.1/instance-out.sql,1528020.61,187303.73
CZ08/Rt3&0&cDXGF&New&dxAC_equip/NE-dxAC-PkgAC-33to65-New-SEER-18.1/instance-out.sql,1523611.07,187303.73
CZ08/RtL&0&cDXGF&New&dxAC_equip/NE-dxAC-PkgAC-18to33-New-SEER-13.4/instance-out.sql,1492740.37,164124.79
CZ08/RtL&0&cDXGF&New&dxAC_equip/NE-dxAC-PkgAC-18to33-New-SEER-15.2/instance-out.sql,1475731.94,164124.79
CZ08/RtL&0&cDXGF&New&dxAC_equip/NE-dxAC-PkgAC-18to33-New-SEER-16.2/instance-out.sql,1468862.73,164124.79
CZ08/RtL&0&cDXGF&New&dxAC_equip/NE-dxAC-PkgAC-18to33-New-SEER-17.1/instance-out.sql,1463371.00,164124.79
CZ08/RtL&0&cDXGF&New&dxAC_equip/NE-dxAC-PkgAC-18to33-New-SEER-18.1/instance-out.sql,1458150.17,164124.79
CZ08/RtL&0&cDXGF&New&dxAC_equip/NE-dxAC-PkgAC-33to65-New-SEER-13.4/instance-out.sql,1425778.40,164129.01
CZ08/RtL&0&cDXGF&New&dxAC_equip/NE-dxAC-PkgAC-33to65-New-SEER-15.2/instance-out.sql,1413494.77,164129.01
CZ08/RtL&0&cDXGF&New&dxAC_equip/NE-dxAC-PkgAC-33to65-New-SEER-16.2/instance-out.sql,1408533.76,164129.01
CZ08/RtL&0&cDXGF&New&dxAC_equip/NE-dxAC-PkgAC-33to65-New-SEER-17.1/instance-out.sql,1404567.59,164129.01
CZ08/RtL&0&cDXGF&New&dxAC_equip/NE-dxAC-PkgAC-33to65-New-SEER-18.1/instance-out.sql,1400797.06,164129.01
CZ08/RtS&0&cDXGF&New&dxAC_equip/NE-dxAC-PkgAC-18to33-New-SEER-13.4/instance-out.sql,99415.23,19169.41
CZ08/RtS&0&cDXGF&New&dxAC_equip/NE-dxAC-PkgAC-18to33-New-SEER-15.2/instance-out.sql,98090.50,19169.41
CZ08/RtS&0&cDXGF&New&dxAC_equip/NE-dxAC-PkgAC-18to33-New-SEER-16.2/instance-out.sql,97555.48,19169.41
CZ08/RtS&0&cDXGF&New&dxAC_equip/NE-dxAC-PkgAC-18to33-New-SEER-17.1/instance-out.sql,97127.75,19169.41
CZ08/RtS&0&cDXGF&New&dxAC_equip/NE-dxAC-PkgAC-18to33-New-SEER-18.1/instance-out.sql,96721.12,19169.41
CZ08/RtS&0&cDXGF&New&dxAC_equip/NE-dxAC-PkgAC-33to65-New-SEER-13.4/instance-out.sql,94711.69,19169.65
CZ08/RtS&0&cDXGF&New&dxAC_equip/NE-dxAC-PkgAC-33to65-New-SEER-15.2/instance-out.sql,93718.85,19169.65
CZ08/RtS&0&cDXGF&New&dxAC_equip/NE-dxAC-PkgAC-33to65-New-SEER-16.2/instance-out.sql,93317.87,19169.65
CZ08/RtS&0&cDXGF&New&dxAC_equip/NE-dxAC-PkgAC-33to65-New-SEER-17.1/instance-out.sql,92997.29,19169.65
CZ08/RtS&0&cDXGF&New&dxAC_equip/NE-dxAC-PkgAC-33to65-New-SEER-18.1/instance-out.sql,92692.53,19169.65
CZ08/SCn&0&cDXGF&New&dxAC_equip/NE-dxAC-PkgAC-18to33-New-SEER-13.4/instance-out.sql,2294895.80,229293.96
CZ08/SCn&0&cDXGF&New&dxAC_equip/NE-dxAC-PkgAC-18to33-New-SEER-15.2/instance-out.sql,2273032.93,229293.96
CZ08/SCn&0&cDXGF&New&dxAC_equip/NE-dxAC-PkgAC-18to33-New-SEER-16.2/instance-out.sql,2264203.15,229293.96
CZ08/SCn&0&cDXGF&New&dxAC_equip/NE-dxAC-PkgAC-18to33-New-SEER-17.1/instance-out.sql,2257144.00,229293.96
CZ08/SCn&0&cDXGF&New&dxAC_equip/NE-dxAC-PkgAC-18to33-New-SEER-18.1/instance-out.sql,2250433.07,229293.96
CZ08/SCn&0&cDXGF&New&dxAC_equip/NE-dxAC-PkgAC-33to65-New-SEER-13.4/instance-out.sql,2236526.94,229294.85
CZ08/SCn&0&cDXGF&New&dxAC_equip/NE-dxAC-PkgAC-33to65-New-SEER-15.2/instance-out.sql,2218782.55,229294.85
CZ08/SCn&0&cDXGF&New&dxAC_equip/NE-dxAC-PkgAC-33to65-New-SEER-16.2/instance-out.sql,2211616.11,229294.85
CZ08/SCn&0&cDXGF&New&dxAC_equip/NE-dxAC-PkgAC-33to65-New-SEER-17.1/instance-out.sql,2205886.75,229294.85
CZ08/SCn&0&cDXGF&New&dxAC_equip/NE-dxAC-PkgAC-33to65-New-SEER-18.1/instance-out.sql,2200440.01,229294.85

File Name,Unmet Heating (Hours),Unmet Cooling (Hours)
CZ07/Asm&0&cDXGF&New&dxAC_equip/NE-dxAC-PkgAC-18to33-New-SEER-13.4/instance-out.sql,0.00,0.00
CZ07/Asm&0&cDXGF&New&dxAC_equip/NE-dxAC-PkgAC-18to33-New-SEER-15.2/instance-out.sql,0.00,0.00
CZ07/Asm&0&cDXGF&New&dxAC_equip/NE-dxAC-PkgAC-18to33-New-SEER-16.2/instance-out.sql,0.00,0.00
CZ07/Asm&0&cDXGF&New&dxAC_equip/NE-dxAC-PkgAC-18to33-New-SEER-17.1/instance-out.sql,0.00,0.00
CZ07/Asm&0&cDXGF&New&dxAC_equip/NE-dxAC-PkgAC-18to33-New-SEER-18.1/instance-out.sql,0.00,0.00
CZ07/Asm&0&cDXGF&New&dxAC_equip/NE-dxAC-PkgAC-33to65-New-SEER-13.4/instance-out.sql,0.00,0.00
CZ07/Asm&0&cDXGF&New&dxAC_equip/NE-dxAC-PkgAC-33to65-New-SEER-15.2/instance-out.sql,0.00,0.00
CZ07/Asm&0&cDXGF&New&dxAC_equip/NE-dxAC-PkgAC-33to65-New-SEER-16.2/instance-out.sql,0.00,0.00
CZ07/Asm&0&cDXGF&New&dxAC_equip/NE-dxAC-PkgAC-33to65-New-SEER-17.1/instance-out.sql,0.00,0.00
CZ07/Asm&0&cDXGF&New&dxAC_equip/NE-dxAC-PkgAC-33to65-New-SEER-18.1/instance-out.sql,0.00,0.00
CZ07/ECC&0&cDXGF&New&dxAC_equip/NE-dxAC-PkgAC-18to33-New-SEER-13.4/instance-out.sql,0.00,5484.00
CZ07/ECC&0&cDXGF&New&dxAC_equip/NE-dxAC-PkgAC-18to33-New-SEER-15.2/instance-out.sql,0.00,5484.00
CZ07/ECC&0&cDXGF&New&dxAC_equip/NE-dxAC-PkgAC-18to33-New-SEER-16.2/instance-out.sql,0.00,5484.00
CZ07/ECC&0&cDXGF&New&dxAC_equip/NE-dxAC-PkgAC-18to33-New-SEER-17.1/instance-out.sql,0.00,5484.00
CZ07/ECC&0&cDXGF&New&dxAC_equip/NE-dxAC-PkgAC-18to33-New-SEER-18.1/instance-out.sql,0.00,5484.00
CZ07/ECC&0&cDXGF&New&dxAC_equip/NE-dxAC-PkgAC-33to65-New-SEER-13.4/instance-out.sql,0.00,5485.00
CZ07/ECC&0&cDXGF&New&dxAC_equip/NE-dxAC-PkgAC-33to65-New-SEER-15.2/instance-out.sql,0.00,5485.00
CZ07/ECC&0&cDXGF&New&dxAC_equip/NE-dxAC-PkgAC-33to65-New-SEER-16.2/instance-out.sql,0.00,5485.00
CZ07/ECC&0&cDXGF&New&dxAC_equip/NE-dxAC-PkgAC-33to65-New-SEER-17.1/instance-out.sql,0.00,5485.00
CZ07/ECC&0&cDXGF&New&dxAC_equip/NE-dxAC-PkgAC-33to65-New-SEER-18.1/instance-out.sql,0.00,5485.00
CZ07/EPr&0&cDXGF&New&dxAC_equip/NE-dxAC-PkgAC-18to33-New-SEER-13.4/instance-out.sql,0.00,0.00
CZ07/EPr&0&cDXGF&New&dxAC_equip/NE-dxAC-PkgAC-18to33-New-SEER-15.2/instance-out.sql,0.00,0.00
CZ07/EPr&0&cDXGF&New&dxAC_equip/NE-dxAC-PkgAC-18to33-New-SEER-16.2/instance-out.sql,0.00,0.00
CZ07/EPr&0&cDXGF&New&dxAC_equip/NE-dxAC-PkgAC-18to33-New-SEER-17.1/instance-out.sql,0.00,0.00
CZ07/EPr&0&cDXGF&New&dxAC_equip/NE-dxAC-PkgAC-18to33-New-SEER-18.1/instance-out.sql,0.00,0.00
CZ07/EPr&0&cDXGF&New&dxAC_equip/NE-dxAC-PkgAC-33to65-New-SEER-13.4/instance-out.sql,0.00,0.00
CZ07/EPr&0&cDXGF&New&dxAC_equip/NE-dxAC-PkgAC-33to65-New-SEER-15.2/instance-out.sql,0.00,0.00
CZ07/EPr&0&cDXGF&New&dxAC_equip/NE-dxAC-PkgAC-33to65-New-SEER-16.2/instance-out.sql,0.00,0.00
CZ07/EPr&0&cDXGF&New&dxAC_equip/NE-dxAC-PkgAC-33to65-New-SEER-17.1/instance-out.sql,0.00,0.00
CZ07/EPr&0&cDXGF&New&dxAC_equip/NE-dxAC-PkgAC-33to65-New-SEER-18.1/instance-out.sql,0.00,0.00
CZ07/ERC&0&cDXGF&New&dxAC_equip/NE-dxAC-PkgAC-18to33-New-SEER-13.4/instance-out.sql,0.00,0.00
CZ07/ERC&0&cDXGF&New&dxAC_equip/NE-dxAC-PkgAC-18to33-New-SEER-15.2/instance-out.sql,0.00,0.00
CZ07/ERC&0&cDXGF&New&dxAC_equip/NE-dxAC-PkgAC-18to33-New-SEER-16.2/instance-out.sql,0.00,0.00
CZ07/ERC&0&cDXGF&New&dxAC_equip/NE-dxAC-PkgAC-18to33-New-SEER-17.1/instance-out.sql,0.00,0.00
CZ07/ERC&0&cDXGF&New&dxAC_equip/NE-dxAC-PkgAC-18to33-New-SEER-18.1/instance-out.sql,0.00,0.00
CZ07/ERC&0&cDXGF&New&dxAC_equip/NE-dxAC-PkgAC-33to65-New-SEER-13.4/instance-out.sql,0.00,0.00
CZ07/ERC&0&cDXGF&New&dxAC_equip/NE-dxAC-PkgAC-33to65-New-SEER-15.2/instance-out.sql,0.00,0.00
CZ07/ERC&0&cDXGF&New&dxAC_equip/NE-dxAC-PkgAC-33to65-New-SEER-16.2/instance-out.sql,0.00,0.00
CZ07/ERC&0&cDXGF&New&dxAC_equip/NE-dxAC-PkgAC-33to65-New-SEER-17.1/instance-out.sql,0.00,0.00
CZ07/ERC&0&cDXGF&New&dxAC_equip/NE-dxAC-PkgAC-33to65-New-SEER-18.1/instance-out.sql,0.00,0.00
CZ07/ESe&0&cDXGF&New&dxAC_equip/NE-dxAC-PkgAC-18to33-New-SEER-13.4/instance-out.sql,0.00,0.00
CZ07/ESe&0&cDXGF&New&dxAC_equip/NE-dxAC-PkgAC-18to33-New-SEER-15.2/instance-out.sql,0.00,0.00
CZ07/ESe&0&cDXGF&New&dxAC_equip/NE-dxAC-PkgAC-18to33-New-SEER-16.2/instance-out.sql,0.00,0.00
CZ07/ESe&0&cDXGF&New&dxAC_equip/NE-dxAC-PkgAC-18to33-New-SEER-17.1/instance-out.sql,0.00,0.00
CZ07/ESe&0&cDXGF&New&dxAC_equip/NE-dxAC-PkgAC-18to33-New-SEER-18.1/instance-out.sql,0.00,0.00
CZ07/ESe&0&cDXGF&New&dxAC_equip/NE-dxAC-PkgAC-33to65-New-SEER-13.4/instance-out.sql,0.00,0.00
CZ07/ESe&0&cDXGF&New&dxAC_equip/NE-dxAC-PkgAC-33to65-New-SEER-15.2/instance-out.sql,0.00,0.00
CZ07/ESe&0&cDXGF&New&dxAC_equip/NE-dxAC-PkgAC-33to65-New-SEER-16.2/instance-out.sql,0.00,0.00
CZ07/ESe&0&cDXGF&New&dxAC_equip/NE-dxAC-PkgAC-33to65-New-SEER-17.1/instance-out.sql,0.00,0.00
CZ07/ESe&0&cDXGF&New&dxAC_equip/NE-dxAC-PkgAC-33to65-New-SEER-18.1/instance-out.sql,0.00,0.00
CZ07/EUn&0&cDXGF&New&dxAC_equip/NE-dxAC-PkgAC-18to33-New-SEER-13.4/instance-out.sql,0.00,188.00
CZ07/EUn&0&cDXGF&New&dxAC_equip/NE-dxAC-PkgAC-18to33-New-SEER-15.2/instance-out.sql,0.00,188.00
CZ07/EUn&0&cDXGF&New&dxAC_equip/NE-dxAC-PkgAC-18to33-New-SEER-16.2/instance-out.sql,0.00,188.00
CZ07/EUn&0&cDXGF&New&dxAC_equip/NE-dxAC-PkgAC-18to33-New-SEER-17.1/instance-out.sql,0.00,188.00
CZ07/EUn&0&cDXGF&New&dxAC_equip/NE-dxAC-PkgAC-18to33-New-SEER-18.1/instance-out.sql,0.00,188.00
CZ07/EUn&0&cDXGF&New&dxAC_equip/NE-dxAC-PkgAC-33to65-New-SEER-13.4/instance-out.sql,0.00,188.00
CZ07/EUn&0&cDXGF&New&dxAC_equip/NE-dxAC-PkgAC-33to65-New-SEER-15.2/instance-out.sql,0.00,188.00
CZ07/EUn&0&cDXGF&New&dxAC_equip/NE-dxAC-PkgAC-33to65-New-SEER-16.2/instance-out.sql,0.00,188.00
CZ07/EUn&0&cDXGF&New&dxAC_equip/NE-dxAC-PkgAC-33to65-New-SEER-17.1/instance-out.sql,0.00,188.00
CZ07/EUn&0&cDXGF&New&dxAC_equip/NE-dxAC-PkgAC-33to65-New-SEER-18.1/instance-out.sql,0.00,188.00
CZ07/Gro&0&cDXGF&New&dxAC_equip/NE-dxAC-PkgAC-18to33-New-SEER-13.4/instance-out.sql,0.00,0.00
CZ07/Gro&0&cDXGF&New&dxAC_equip/NE-dxAC-PkgAC-18to33-New-SEER-15.2/instance-out.sql,0.00,0.00
CZ07/Gro&0&cDXGF&New&dxAC_equip/NE-dxAC-PkgAC-18to33-New-SEER-16.2/instance-out.sql,0.00,0.00
CZ07/Gro&0&cDXGF&New&dxAC_equip/NE-dxAC-PkgAC-18to33-New-SEER-17.1/instance-out.sql,0.00,0.00
CZ07/Gro&0&cDXGF&New&dxAC_equip/NE-dxAC-PkgAC-18to33-New-SEER-18.1/instance-out.sql,0.00,0.00
CZ07/Gro&0&cDXGF&New&dxAC_equip/NE-dxAC-PkgAC-33to65-New-SEER-13.4/instance-out.sql,0.00,0.00
CZ07/Gro&0&cDXGF&New&dxAC_equip/NE-dxAC-PkgAC-33to65-New-SEER-15.2/instance-out.sql,0.00,0.00
CZ07/Gro&0&cDXGF&New&dxAC_equip/NE-dxAC-PkgAC-33to65-New-SEER-16.2/instance-out.sql,0.00,0.00
CZ07/Gro&0&cDXGF&New&dxAC_equip/NE-dxAC-PkgAC-33to65-New-SEER-17.1/instance-out.sql,0.00,0.00
CZ07/Gro&0&cDXGF&New&dxAC_equip/NE-dxAC-PkgAC-33to65-New-SEER-18.1/instance-out.sql,0.00,0.00
CZ07/Hsp&0&cDXGF&New&dxAC_equip/NE-dxAC-PkgAC-18to33-New-SEER-13.4/instance-out.sql,0.00,143.00
CZ07/Hsp&0&cDXGF&New&dxAC_equip/NE-dxAC-PkgAC-18to33-New-SEER-15.2/instance-out.sql,0.00,143.00
CZ07/Hsp&0&cDXGF&New&dxAC_equip/NE-dxAC-PkgAC-18to33-New-SEER-16.2/instance-out.sql,0.00,143.00
CZ07/Hsp&0&cDXGF&New&dxAC_equip/NE-dxAC-PkgAC-18to33-New-SEER-17.1/instance-out.sql,0.00,143.00
CZ07/Hsp&0&cDXGF&New&dxAC_equip/NE-dxAC-PkgAC-18to33-New-SEER-18.1/instance-out.sql,0.00,143.00
CZ07/Hsp&0&cDXGF&New&dxAC_equip/NE-dxAC-PkgAC-33to65-New-SEER-13.4/instance-out.sql,0.00,143.00
CZ07/Hsp&0&cDXGF&New&dxAC_equip/NE-dxAC-PkgAC-33to65-New-SEER-15.2/instance-out.sql,0.00,143.00
CZ07/Hsp&0&cDXGF&New&dxAC_equip/NE-dxAC-PkgAC-33to65-New-SEER-16.2/instance-out.sql,0.00,143.00
CZ07/Hsp&0&cDXGF&New&dxAC_equip/NE-dxAC-PkgAC-33to65-New-SEER-17.1/instance-out.sql,0.00,143.00
CZ07/Hsp&0&cDXGF&New&dxAC_equip/NE-dxAC-PkgAC-33to65-New-SEER-18.1/instance-out.sql,0.00,143.00
CZ07/MBT&0&cDXGF&New&dxAC_equip/NE-dxAC-PkgAC-18to33-New-SEER-13.4/instance-out.sql,0.00,20.00
CZ07/MBT&0&cDXGF&New&dxAC_equip/NE-dxAC-PkgAC-18to33-New-SEER-15.2/instance-out.sql,0.00,20.00
CZ07/MBT&0&cDXGF&New&dxAC_equip/NE-dxAC-PkgAC-18to33-New-SEER-16.2/instance-out.sql,0.00,20.00
CZ07/MBT&0&cDXGF&New&dxAC_equip/NE-dxAC-PkgAC-18to33-New-SEER-17.1/instance-out.sql,0.00,20.00
CZ07/MBT&0&cDXGF&New&dxAC_equip/NE-dxAC-PkgAC-18to33-New-SEER-18.1/instance-out.sql,0.00,20.00
CZ07/MBT&0&cDXGF&New&dxAC_equip/NE-dxAC-PkgAC-33to65-New-SEER-13.4/instance-out.sql,0.00,20.00
CZ07/MBT&0&cDXGF&New&dxAC_equip/NE-dxAC-PkgAC-33to65-New-SEER-15.2/instance-out.sql,0.00,20.00
CZ07/MBT&0&cDXGF&New&dxAC_equip/NE-dxAC-PkgAC-33to65-New-SEER-16.2/instance-out.sql,0.00,20.00
CZ07/MBT&0&cDXGF&New&dxAC_equip/NE-dxAC-PkgAC-33to65-New-SEER-17.1/instance-out.sql,0.00,20.00
CZ07/MBT&0&cDXGF&New&dxAC_equip/NE-dxAC-PkgAC-33to65-New-SEER-18.1/instance-out.sql,0.00,20.00
CZ07/MLI&0&cDXGF&New&dxAC_equip/NE-dxAC-PkgAC-18to33-New-SEER-13.4/instance-out.sql,0.00,0.00
CZ07/MLI&0&cDXGF&New&dxAC_equip/NE-dxAC-PkgAC-18to33-New-SEER-15.2/instance-out.sql,0.00,0.00
CZ07/MLI&0&cDXGF&New&dxAC_equip/NE-dxAC-PkgAC-18to33-New-SEER-16.2/instance-out.sql,0.00,0.00
CZ07/MLI&0&cDXGF&New&dxAC_equip/NE-dxAC-PkgAC-18to33-New-SEER-17.1/instance-out.sql,0.00,0.00
CZ07/MLI&0&cDXGF&New&dxAC_equip/NE-dxAC-PkgAC-18to33-New-SEER-18.1/instance-out.sql,0.00,0.00
CZ07/MLI&0&cDXGF&New&dxAC_equip/NE-dxAC-PkgAC-33to65-New-SEER-13.4/instance-out.sql,0.00,0.00
CZ07/MLI&0&cDXGF&New&dxAC_equip/NE-dxAC-PkgAC-33to65-New-SEER-15.2/instance-out.sql,0.00,0.00
CZ07/MLI&0&cDXGF&New&dxAC_equip/NE-dxAC-PkgAC-33to65-New-SEER-16.2/instance-out.sql,0.00,0.00
CZ07/MLI&0&cDXGF&New&dxAC_equip/NE-dxAC-PkgAC-33to65-New-SEER-17.1/instance-out.sql,0.00,0.00
CZ07/MLI&0&cDXGF&New&dxAC_equip/NE-dxAC-PkgAC-33to65-New-SEER-18.1/instance-out.sql,0.00,0.00
CZ07/Mtl&0&cDXGF&New&dxAC_equip/NE-dxAC-PkgAC-18to33-New-SEER-13.4/instance-out.sql,0.00,188.00
CZ07/Mtl&0&cDXGF&New&dxAC_equip/NE-dxAC-PkgAC-18to33-New-SEER-15.2/instance-out.sql,0.00,188.00
CZ07/Mtl&0&cDXGF&New&dxAC_equip/NE-dxAC-PkgAC-18to33-New-SEER-16.2/instance-out.sql,0.00,188.00
CZ07/Mtl&0&cDXGF&New&dxAC_equip/NE-dxAC-PkgAC-18to33-New-SEER-17.1/instance-out.sql,0.00,188.00
CZ07/Mtl&0&cDXGF&New&dxAC_equip/NE-dxAC-PkgAC-18to33-New-SEER-18.1/instance-out.sql,0.00,188.00
CZ07/Mtl&0&cDXGF&New&dxAC_equip/NE-dxAC-PkgAC-33to65-New-SEER-13.4/instance-out.sql,0.00,188.00
CZ07/Mtl&0&cDXGF&New&dxAC_equip/NE-dxAC-PkgAC-33to65-New-SEER-15.2/instance-out.sql,0.00,188.00
CZ07/Mtl&0&cDXGF&New&dxAC_equip/NE-dxAC-PkgAC-33to65-New-SEER-16.2/instance-out.sql,0.00,188.00
CZ07/Mtl&0&cDXGF&New&dxAC_equip/NE-dxAC-PkgAC-33to65-New-SEER-17.1/instance-out.sql,0.00,188.00
CZ07/Mtl&0&cDXGF&New&dxAC_equip/NE-dxAC-PkgAC-33to65-New-SEER-18.1/instance-out.sql,0.00,188.00
CZ07/Nrs&0&cDXGF&New&dxAC_equip/NE-dxAC-PkgAC-18to33-New-SEER-13.4/instance-out.sql,0.00,3.00
CZ07/Nrs&0&cDXGF&New&dxAC_equip/NE-dxAC-PkgAC-18to33-New-SEER-15.2/instance-out.sql,0.00,3.00
CZ07/Nrs&0&cDXGF&New&dxAC_equip/NE-dxAC-PkgAC-18to33-New-SEER-16.2/instance-out.sql,0.00,3.00
CZ07/Nrs&0&cDXGF&New&dxAC_equip/NE-dxAC-PkgAC-18to33-New-SEER-17.1/instance-out.sql,0.00,3.00
CZ07/Nrs&0&cDXGF&New&dxAC_equip/NE-dxAC-PkgAC-18to33-New-SEER-18.1/instance-out.sql,0.00,3.00
CZ07/Nrs&0&cDXGF&New&dxAC_equip/NE-dxAC-PkgAC-33to65-New-SEER-13.4/instance-out.sql,0.00,0.00
CZ07/Nrs&0&cDXGF&New&dxAC_equip/NE-dxAC-PkgAC-33to65-New-SEER-15.2/instance-out.sql,0.00,0.00
CZ07/Nrs&0&cDXGF&New&dxAC_equip/NE-dxAC-PkgAC-33to65-New-SEER-16.2/instance-out.sql,0.00,0.00
CZ07/Nrs&0&cDXGF&New&dxAC_equip/NE-dxAC-PkgAC-33to65-New-SEER-17.1/instance-out.sql,0.00,0.00
CZ07/Nrs&0&cDXGF&New&dxAC_equip/NE-dxAC-PkgAC-33to65-New-SEER-18.1/instance-out.sql,0.00,0.00
CZ07/OfL&0&cDXGF&New&dxAC_equip/NE-dxAC-PkgAC-18to33-New-SEER-13.4/instance-out.sql,0.00,132.00
CZ07/OfL&0&cDXGF&New&dxAC_equip/NE-dxAC-PkgAC-18to33-New-SEER-15.2/instance-out.sql,0.00,132.00
CZ07/OfL&0&cDXGF&New&dxAC_equip/NE-dxAC-PkgAC-18to33-New-SEER-16.2/instance-out.sql,0.00,132.00
CZ07/OfL&0&cDXGF&New&dxAC_equip/NE-dxAC-PkgAC-18to33-New-SEER-17.1/instance-out.sql,0.00,132.00
CZ07/OfL&0&cDXGF&New&dxAC_equip/NE-dxAC-PkgAC-18to33-New-SEER-18.1/instance-out.sql,0.00,132.00
CZ07/OfL&0&cDXGF&New&dxAC_equip/NE-dxAC-PkgAC-33to65-New-SEER-13.4/instance-out.sql,0.00,132.00
CZ07/OfL&0&cDXGF&New&dxAC_equip/NE-dxAC-PkgAC-33to65-New-SEER-15.2/instance-out.sql,0.00,132.00
CZ07/OfL&0&cDXGF&New&dxAC_equip/NE-dxAC-PkgAC-33to65-New-SEER-16.2/instance-out.sql,0.00,132.00
CZ07/OfL&0&cDXGF&New&dxAC_equip/NE-dxAC-PkgAC-33to65-New-SEER-17.1/instance-out.sql,0.00,132.00
CZ07/OfL&0&cDXGF&New&dxAC_equip/NE-dxAC-PkgAC-33to65-New-SEER-18.1/instance-out.sql,0.00,132.00
CZ07/OfS&0&cDXGF&New&dxAC_equip/NE-dxAC-PkgAC-18to33-New-SEER-13.4/instance-out.sql,0.00,62.00
CZ07/OfS&0&cDXGF&New&dxAC_equip/NE-dxAC-PkgAC-18to33-New-SEER-15.2/instance-out.sql,0.00,62.00
CZ07/OfS&0&cDXGF&New&dxAC_equip/NE-dxAC-PkgAC-18to33-New-SEER-16.2/instance-out.sql,0.00,62.00
CZ07/OfS&0&cDXGF&New&dxAC_equip/NE-dxAC-PkgAC-18to33-New-SEER-17.1/instance-out.sql,0.00,62.00
CZ07/OfS&0&cDXGF&New&dxAC_equip/NE-dxAC-PkgAC-18to33-New-SEER-18.1/instance-out.sql,0.00,62.00
CZ07/OfS&0&cDXGF&New&dxAC_equip/NE-dxAC-PkgAC-33to65-New-SEER-13.4/instance-out.sql,0.00,62.00
CZ07/OfS&0&cDXGF&New&dxAC_equip/NE-dxAC-PkgAC-33to65-New-SEER-15.2/instance-out.sql,0.00,62.00
CZ07/OfS&0&cDXGF&New&dxAC_equip/NE-dxAC-PkgAC-33to65-New-SEER-16.2/instance-out.sql,0.00,62.00
CZ07/OfS&0&cDXGF&New&dxAC_equip/NE-dxAC-PkgAC-33to65-New-SEER-17.1/instance-out.sql,0.00,62.00
CZ07/OfS&0&cDXGF&New&dxAC_equip/NE-dxAC-PkgAC-33to65-New-SEER-18.1/instance-out.sql,0.00,62.00
CZ07/RFF&0&cDXGF&New&dxAC_equip/NE-dxAC-PkgAC-18to33-New-SEER-13.4/instance-out.sql,0.00,4.00
CZ07/RFF&0&cDXGF&New&dxAC_equip/NE-dxAC-PkgAC-18to33-New-SEER-15.2/instance-out.sql,0.00,4.00
CZ07/RFF&0&cDXGF&New&dxAC_equip/NE-dxAC-PkgAC-18to33-New-SEER-16.2/instance-out.sql,0.00,4.00
CZ07/RFF&0&cDXGF&New&dxAC_equip/NE-dxAC-PkgAC-18to33-New-SEER-17.1/instance-out.sql,0.00,4.00
CZ07/RFF&0&cDXGF&New&dxAC_equip/NE-dxAC-PkgAC-18to33-New-SEER-18.1/instance-out.sql,0.00,4.00
CZ07/RFF&0&cDXGF&New&dxAC_equip/NE-dxAC-PkgAC-33to65-New-SEER-13.4/instance-out.sql,0.00,0.00
CZ07/RFF&0&cDXGF&New&dxAC_equip/NE-dxAC-PkgAC-33to65-New-SEER-15.2/instance-out.sql,0.00,0.00
CZ07/RFF&0&cDXGF&New&dxAC_equip/NE-dxAC-PkgAC-33to65-New-SEER-16.2/instance-out.sql,0.00,0.00
CZ07/RFF&0&cDXGF&New&dxAC_equip/NE-dxAC-PkgAC-33to65-New-SEER-17.1/instance-out.sql,0.00,0.00
CZ07/RFF&0&cDXGF&New&dxAC_equip/NE-dxAC-PkgAC-33to65-New-SEER-18.1/instance-out.sql,0.00,0.00
CZ07/RSD&0&cDXGF&New&dxAC_equip/NE-dxAC-PkgAC-18to33-New-SEER-13.4/instance-out.sql,0.00,1.00
CZ07/RSD&0&cDXGF&New&dxAC_equip/NE-dxAC-PkgAC-18to33-New-SEER-15.2/instance-out.sql,0.00,1.00
CZ07/RSD&0&cDXGF&New&dxAC_equip/NE-dxAC-PkgAC-18to33-New-SEER-16.2/instance-out.sql,0.00,1.00
CZ07/RSD&0&cDXGF&New&dxAC_equip/NE-dxAC-PkgAC-18to33-New-SEER-17.1/instance-out.sql,0.00,1.00
CZ07/RSD&0&cDXGF&New&dxAC_equip/NE-dxAC-PkgAC-18to33-New-SEER-18.1/instance-out.sql,0.00,1.00
CZ07/RSD&0&cDXGF&New&dxAC_equip/NE-dxAC-PkgAC-33to65-New-SEER-13.4/instance-out.sql,0.00,1.00
CZ07/RSD&0&cDXGF&New&dxAC_equip/NE-dxAC-PkgAC-33to65-New-SEER-15.2/instance-out.sql,0.00,1.00
CZ07/RSD&0&cDXGF&New&dxAC_equip/NE-dxAC-PkgAC-33to65-New-SEER-16.2/instance-out.sql,0.00,1.00
CZ07/RSD&0&cDXGF&New&dxAC_equip/NE-dxAC-PkgAC-33to65-New-SEER-17.1/instance-out.sql,0.00,1.00
CZ07/RSD&0&cDXGF&New&dxAC_equip/NE-dxAC-PkgAC-33to65-New-SEER-18.1/instance-out.sql,0.00,1.00
CZ07/Rt3&0&cDXGF&New&dxAC_equip/NE-dxAC-PkgAC-18to33-New-SEER-13.4/instance-out.sql,0.00,19.00
CZ07/Rt3&0&cDXGF&New&dxAC_equip/NE-dxAC-PkgAC-18to33-New-SEER-15.2/instance-out.sql,0.00,19.00
CZ07/Rt3&0&cDXGF&New&dxAC_equip/NE-dxAC-PkgAC-18to33-New-SEER-16.2/instance-out.sql,0.00,19.00
CZ07/Rt3&0&cDXGF&New&dxAC_equip/NE-dxAC-PkgAC-18to33-New-SEER-17.1/instance-out.sql,0.00,19.00
CZ07/Rt3&0&cDXGF&New&dxAC_equip/NE-dxAC-PkgAC-18to33-New-SEER-18.1/instance-out.sql,0.00,19.00
CZ07/Rt3&0&cDXGF&New&dxAC_equip/NE-dxAC-PkgAC-33to65-New-SEER-13.4/instance-out.sql,0.00,19.00
CZ07/Rt3&0&cDXGF&New&dxAC_equip/NE-dxAC-PkgAC-33to65-New-SEER-15.2/instance-out.sql,0.00,19.00
CZ07/Rt3&0&cDXGF&New&dxAC_equip/NE-dxAC-PkgAC-33to65-New-SEER-16.2/instance-out.sql,0.00,19.00
CZ07/Rt3&0&cDXGF&New&dxAC_equip/NE-dxAC-PkgAC-33to65-New-SEER-17.1/instance-out.sql,0.00,19.00
CZ07/Rt3&0&cDXGF&New&dxAC_equip/NE-dxAC-PkgAC-33to65-New-SEER-18.1/instance-out.sql,0.00,19.00
CZ07/RtL&0&cDXGF&New&dxAC_equip/NE-dxAC-PkgAC-18to33-New-SEER-13.4/instance-out.sql,0.00,0.00
CZ07/RtL&0&cDXGF&New&dxAC_equip/NE-dxAC-PkgAC-18to33-New-SEER-15.2/instance-out.sql,0.00,0.00
CZ07/RtL&0&cDXGF&New&dxAC_equip/NE-dxAC-PkgAC-18to33-New-SEER-16.2/instance-out.sql,0.00,0.00
CZ07/RtL&0&cDXGF&New&dxAC_equip/NE-dxAC-PkgAC-18to33-New-SEER-17.1/instance-out.sql,0.00,0.00
CZ07/RtL&0&cDXGF&New&dxAC_equip/NE-dxAC-PkgAC-18to33-New-SEER-18.1/instance-out.sql,0.00,0.00
CZ07/RtL&0&cDXGF&New&dxAC_equip/NE-dxAC-PkgAC-33to65-New-SEER-13.4/instance-out.sql,0.00,0.00
CZ07/RtL&0&cDXGF&New&dxAC_equip/NE-dxAC-PkgAC-33to65-New-SEER-15.2/instance-out.sql,0.00,0.00
CZ07/RtL&0&cDXGF&New&dxAC_equip/NE-dxAC-PkgAC-33to65-New-SEER-16.2/instance-out.sql,0.00,0.00
CZ07/RtL&0&cDXGF&New&dxAC_equip/NE-dxAC-PkgAC-33to65-New-SEER-17.1/instance-out.sql,0.00,0.00
CZ07/RtL&0&cDXGF&New&dxAC_equip/NE-dxAC-PkgAC-33to65-New-SEER-18.1/instance-out.sql,0.00,0.00
CZ07/RtS&0&cDXGF&New&dxAC_equip/NE-dxAC-PkgAC-18to33-New-SEER-13.4/instance-out.sql,0.00,0.00
CZ07/RtS&0&cDXGF&New&dxAC_equip/NE-dxAC-PkgAC-18to33-New-SEER-15.2/instance-out.sql,0.00,0.00
CZ07/RtS&0&cDXGF&New&dxAC_equip/NE-dxAC-PkgAC-18to33-New-SEER-16.2/instance-out.sql,0.00,0.00
CZ07/RtS&0&cDXGF&New&dxAC_equip/NE-dxAC-PkgAC-18to33-New-SEER-17.1/instance-out.sql,0.00,0.00
CZ07/RtS&0&cDXGF&New&dxAC_equip/NE-dxAC-PkgAC-18to33-New-SEER-18.1/instance-out.sql,0.00,0.00
CZ07/RtS&0&cDXGF&New&dxAC_equip/NE-dxAC-PkgAC-33to65-New-SEER-13.4/instance-out.sql,0.00,0.00
CZ07/RtS&0&cDXGF&New&dxAC_equip/NE-dxAC-PkgAC-33to65-New-SEER-15.2/instance-out.sql,0.00,0.00
CZ07/RtS&0&cDXGF&New&dxAC_equip/NE-dxAC-PkgAC-33to65-New-SEER-16.2/instance-out.sql,0.00,0.00
CZ07/RtS&0&cDXGF&New&dxAC_equip/NE-dxAC-PkgAC-33to65-New-SEER-17.1/instance-out.sql,0.00,0.00
CZ07/RtS&0&cDXGF&New&dxAC_equip/NE-dxAC-PkgAC-33to65-New-SEER-18.1/instance-out.sql,0.00,0.00
CZ07/SCn&0&cDXGF&New&dxAC_equip/NE-dxAC-PkgAC-18to33-New-SEER-13.4/instance-out.sql,0.00,0.00
CZ07/SCn&0&cDXGF&New&dxAC_equip/NE-dxAC-PkgAC-18to33-New-SEER-15.2/instance-out.sql,0.00,0.00
CZ07/SCn&0&cDXGF&New&dxAC_equip/NE-dxAC-PkgAC-18to33-New-SEER-16.2/instance-out.sql,0.00,0.00
CZ07/SCn&0&cDXGF&New&dxAC_equip/NE-dxAC-PkgAC-18to33-New-SEER-17.1/instance-out.sql,0.00,0.00
CZ07/SCn&0&cDXGF&New&dxAC_equip/NE-dxAC-PkgAC-18to33-New-SEER-18.1/instance-out.sql,0.00,0.00
CZ07/SCn&0&cDXGF&New&dxAC_equip/NE-dxAC-PkgAC-33to65-New-SEER-13.4/instance-out.sql,0.00,0.00
CZ07/SCn&0&cDXGF&New&dxAC_equip/NE-dxAC-PkgAC-33to65-New-SEER-15.2/instance-out.sql,0.00,0.00
CZ07/SCn&0&cDXGF&New&dxAC_equip/NE-dxAC-PkgAC-33to65-New-SEER-16.2/instance-out.sql,0.00,0.00
CZ07/SCn&0&cDXGF&New&dxAC_equip/NE-dxAC-PkgAC-33to65-New-SEER-17.1/instance-out.sql,0.00,0.00
CZ07/SCn&0&cDXGF&New&dxAC_equip/NE-dxAC-PkgAC-33to65-New-SEER-18.1/instance-out.sql,0.00,0.00
CZ08/Asm&0&cDXGF&New&dxAC_equip/NE-dxAC-PkgAC-18to33-New-SEER-13.4/instance-out.sql,0.00,0.00
CZ08/Asm&0&cDXGF&New&dxAC_equip/NE-dxAC-PkgAC-18to33-New-SEER-15.2/instance-out.sql,0.00,0.00
CZ08/Asm&0&cDXGF&New&dxAC_equip/NE-dxAC-PkgAC-18to33-New-SEER-16.2/instance-out.sql,0.00,0.00
CZ08/Asm&0&cDXGF&New&dxAC_equip/NE-dxAC-PkgAC-18to33-New-SEER-17.1/instance-out.sql,0.00,0.00
CZ08/Asm&0&cDXGF&New&dxAC_equip/NE-dxAC-PkgAC-18to33-New-SEER-18.1/instance-out.sql,0.00,0.00
CZ08/Asm&0&cDXGF&New&dxAC_equip/NE-dxAC-PkgAC-33to65-New-SEER-13.4/instance-out.sql,0.00,0.00
CZ08/Asm&0&cDXGF&New&dxAC_equip/NE-dxAC-PkgAC-33to65-New-SEER-15.2/instance-out.sql,0.00,0.00
CZ08/Asm&0&cDXGF&New&dxAC_equip/NE-dxAC-PkgAC-33to65-New-SEER-16.2/instance-out.sql,0.00,0.00
CZ08/Asm&0&cDXGF&New&dxAC_equip/NE-dxAC-PkgAC-33to65-New-SEER-17.1/instance-out.sql,0.00,0.00
CZ08/Asm&0&cDXGF&New&dxAC_equip/NE-dxAC-PkgAC-33to65-New-SEER-18.1/instance-out.sql,0.00,0.00
CZ08/ECC&0&cDXGF&New&dxAC_equip/NE-dxAC-PkgAC-18to33-New-SEER-13.4/instance-out.sql,0.00,5115.00
CZ08/ECC&0&cDXGF&New&dxAC_equip/NE-dxAC-PkgAC-18to33-New-SEER-15.2/instance-out.sql,0.00,5115.00
CZ08/ECC&0&cDXGF&New&dxAC_equip/NE-dxAC-PkgAC-18to33-New-SEER-16.2/instance-out.sql,0.00,5115.00
CZ08/ECC&0&cDXGF&New&dxAC_equip/NE-dxAC-PkgAC-18to33-New-SEER-17.1/instance-out.sql,0.00,5115.00
CZ08/ECC&0&cDXGF&New&dxAC_equip/NE-dxAC-PkgAC-18to33-New-SEER-18.1/instance-out.sql,0.00,5115.00
CZ08/ECC&0&cDXGF&New&dxAC_equip/NE-dxAC-PkgAC-33to65-New-SEER-13.4/instance-out.sql,0.00,5115.00
CZ08/ECC&0&cDXGF&New&dxAC_equip/NE-dxAC-PkgAC-33to65-New-SEER-15.2/instance-out.sql,0.00,5115.00
CZ08/ECC&0&cDXGF&New&dxAC_equip/NE-dxAC-PkgAC-33to65-New-SEER-16.2/instance-out.sql,0.00,5115.00
CZ08/ECC&0&cDXGF&New&dxAC_equip/NE-dxAC-PkgAC-33to65-New-SEER-17.1/instance-out.sql,0.00,5115.00
CZ08/ECC&0&cDXGF&New&dxAC_equip/NE-dxAC-PkgAC-33to65-New-SEER-18.1/instance-out.sql,0.00,5115.00
CZ08/EPr&0&cDXGF&New&dxAC_equip/NE-dxAC-PkgAC-18to33-New-SEER-13.4/instance-out.sql,0.00,0.00
CZ08/EPr&0&cDXGF&New&dxAC_equip/NE-dxAC-PkgAC-18to33-New-SEER-15.2/instance-out.sql,0.00,0.00
CZ08/EPr&0&cDXGF&New&dxAC_equip/NE-dxAC-PkgAC-18to33-New-SEER-16.2/instance-out.sql,0.00,0.00
CZ08/EPr&0&cDXGF&New&dxAC_equip/NE-dxAC-PkgAC-18to33-New-SEER-17.1/instance-out.sql,0.00,0.00
CZ08/EPr&0&cDXGF&New&dxAC_equip/NE-dxAC-PkgAC-18to33-New-SEER-18.1/instance-out.sql,0.00,0.00
CZ08/EPr&0&cDXGF&New&dxAC_equip/NE-dxAC-PkgAC-33to65-New-SEER-13.4/instance-out.sql,0.00,0.00
CZ08/EPr&0&cDXGF&New&dxAC_equip/NE-dxAC-PkgAC-33to65-New-SEER-15.2/instance-out.sql,0.00,0.00
CZ08/EPr&0&cDXGF&New&dxAC_equip/NE-dxAC-PkgAC-33to65-New-SEER-16.2/instance-out.sql,0.00,0.00
CZ08/EPr&0&cDXGF&New&dxAC_equip/NE-dxAC-PkgAC-33to65-New-SEER-17.1/instance-out.sql,0.00,0.00
CZ08/EPr&0&cDXGF&New&dxAC_equip/NE-dxAC-PkgAC-33to65-New-SEER-18.1/instance-out.sql,0.00,0.00
CZ08/ERC&0&cDXGF&New&dxAC_equip/NE-dxAC-PkgAC-18to33-New-SEER-13.4/instance-out.sql,0.00,0.00
CZ08/ERC&0&cDXGF&New&dxAC_equip/NE-dxAC-PkgAC-18to33-New-SEER-15.2/instance-out.sql,0.00,0.00
CZ08/ERC&0&cDXGF&New&dxAC_equip/NE-dxAC-PkgAC-18to33-New-SEER-16.2/instance-out.sql,0.00,0.00
CZ08/ERC&0&cDXGF&New&dxAC_equip/NE-dxAC-PkgAC-18to33-New-SEER-17.1/instance-out.sql,0.00,0.00
CZ08/ERC&0&cDXGF&New&dxAC_equip/NE-dxAC-PkgAC-18to33-New-SEER-18.1/instance-out.sql,0.00,0.00
CZ08/ERC&0&cDXGF&New&dxAC_equip/NE-dxAC-PkgAC-33to65-New-SEER-13.4/instance-out.sql,0.00,0.00
CZ08/ERC&0&cDXGF&New&dxAC_equip/NE-dxAC-PkgAC-33to65-New-SEER-15.2/instance-out.sql,0.00,0.00
CZ08/ERC&0&cDXGF&New&dxAC_equip/NE-dxAC-PkgAC-33to65-New-SEER-16.2/instance-out.sql,0.00,0.00
CZ08/ERC&0&cDXGF&New&dxAC_equip/NE-dxAC-PkgAC-33to65-New-SEER-17.1/instance-out.sql,0.00,0.00
CZ08/ERC&0&cDXGF&New&dxAC_equip/NE-dxAC-PkgAC-33to65-New-SEER-18.1/instance-out.sql,0.00,0.00
CZ08/ESe&0&cDXGF&New&dxAC_equip/NE-dxAC-PkgAC-18to33-New-SEER-13.4/instance-out.sql,1.00,0.00
CZ08/ESe&0&cDXGF&New&dxAC_equip/NE-dxAC-PkgAC-18to33-New-SEER-15.2/instance-out.sql,1.00,0.00
CZ08/ESe&0&cDXGF&New&dxAC_equip/NE-dxAC-PkgAC-18to33-New-SEER-16.2/instance-out.sql,1.00,0.00
CZ08/ESe&0&cDXGF&New&dxAC_equip/NE-dxAC-PkgAC-18to33-New-SEER-17.1/instance-out.sql,1.00,0.00
CZ08/ESe&0&cDXGF&New&dxAC_equip/NE-dxAC-PkgAC-18to33-New-SEER-18.1/instance-out.sql,1.00,0.00
CZ08/ESe&0&cDXGF&New&dxAC_equip/NE-dxAC-PkgAC-33to65-New-SEER-13.4/instance-out.sql,2.00,0.00
CZ08/ESe&0&cDXGF&New&dxAC_equip/NE-dxAC-PkgAC-33to65-New-SEER-15.2/instance-out.sql,2.00,0.00
CZ08/ESe&0&cDXGF&New&dxAC_equip/NE-dxAC-PkgAC-33to65-New-SEER-16.2/instance-out.sql,2.00,0.00
CZ08/ESe&0&cDXGF&New&dxAC_equip/NE-dxAC-PkgAC-33to65-New-SEER-17.1/instance-out.sql,2.00,0.00
CZ08/ESe&0&cDXGF&New&dxAC_equip/NE-dxAC-PkgAC-33to65-New-SEER-18.1/instance-out.sql,2.00,0.00
CZ08/EUn&0&cDXGF&New&dxAC_equip/NE-dxAC-PkgAC-18to33-New-SEER-13.4/instance-out.sql,0.00,229.00
CZ08/EUn&0&cDXGF&New&dxAC_equip/NE-dxAC-PkgAC-18to33-New-SEER-15.2/instance-out.sql,0.00,229.00
CZ08/EUn&0&cDXGF&New&dxAC_equip/NE-dxAC-PkgAC-18to33-New-SEER-16.2/instance-out.sql,0.00,229.00
CZ08/EUn&0&cDXGF&New&dxAC_equip/NE-dxAC-PkgAC-18to33-New-SEER-17.1/instance-out.sql,0.00,229.00
CZ08/EUn&0&cDXGF&New&dxAC_equip/NE-dxAC-PkgAC-18to33-New-SEER-18.1/instance-out.sql,0.00,229.00
CZ08/EUn&0&cDXGF&New&dxAC_equip/NE-dxAC-PkgAC-33to65-New-SEER-13.4/instance-out.sql,0.00,229.00
CZ08/EUn&0&cDXGF&New&dxAC_equip/NE-dxAC-PkgAC-33to65-New-SEER-15.2/instance-out.sql,0.00,229.00
CZ08/EUn&0&cDXGF&New&dxAC_equip/NE-dxAC-PkgAC-33to65-New-SEER-16.2/instance-out.sql,0.00,229.00
CZ08/EUn&0&cDXGF&New&dxAC_equip/NE-dxAC-PkgAC-33to65-New-SEER-17.1/instance-out.sql,0.00,229.00
CZ08/EUn&0&cDXGF&New&dxAC_equip/NE-dxAC-PkgAC-33to65-New-SEER-18.1/instance-out.sql,0.00,229.00
CZ08/Gro&0&cDXGF&New&dxAC_equip/NE-dxAC-PkgAC-18to33-New-SEER-13.4/instance-out.sql,0.00,0.00
CZ08/Gro&0&cDXGF&New&dxAC_equip/NE-dxAC-PkgAC-18to33-New-SEER-15.2/instance-out.sql,0.00,0.00
CZ08/Gro&0&cDXGF&New&dxAC_equip/NE-dxAC-PkgAC-18to33-New-SEER-16.2/instance-out.sql,0.00,0.00
CZ08/Gro&0&cDXGF&New&dxAC_equip/NE-dxAC-PkgAC-18to33-New-SEER-17.1/instance-out.sql,0.00,0.00
CZ08/Gro&0&cDXGF&New&dxAC_equip/NE-dxAC-PkgAC-18to33-New-SEER-18.1/instance-out.sql,0.00,0.00
CZ08/Gro&0&cDXGF&New&dxAC_equip/NE-dxAC-PkgAC-33to65-New-SEER-13.4/instance-out.sql,0.00,0.00
CZ08/Gro&0&cDXGF&New&dxAC_equip/NE-dxAC-PkgAC-33to65-New-SEER-15.2/instance-out.sql,0.00,0.00
CZ08/Gro&0&cDXGF&New&dxAC_equip/NE-dxAC-PkgAC-33to65-New-SEER-16.2/instance-out.sql,0.00,0.00
CZ08/Gro&0&cDXGF&New&dxAC_equip/NE-dxAC-PkgAC-33to65-New-SEER-17.1/instance-out.sql,0.00,0.00
CZ08/Gro&0&cDXGF&New&dxAC_equip/NE-dxAC-PkgAC-33to65-New-SEER-18.1/instance-out.sql,0.00,0.00
CZ08/Hsp&0&cDXGF&New&dxAC_equip/NE-dxAC-PkgAC-18to33-New-SEER-13.4/instance-out.sql,0.00,186.00
CZ08/Hsp&0&cDXGF&New&dxAC_equip/NE-dxAC-PkgAC-18to33-New-SEER-15.2/instance-out.sql,0.00,186.00
CZ08/Hsp&0&cDXGF&New&dxAC_equip/NE-dxAC-PkgAC-18to33-New-SEER-16.2/instance-out.sql,0.00,186.00
CZ08/Hsp&0&cDXGF&New&dxAC_equip/NE-dxAC-PkgAC-18to33-New-SEER-17.1/instance-out.sql,0.00,186.00
CZ08/Hsp&0&cDXGF&New&dxAC_equip/NE-dxAC-PkgAC-18to33-New-SEER-18.1/instance-out.sql,0.00,186.00
CZ08/Hsp&0&cDXGF&New&dxAC_equip/NE-dxAC-PkgAC-33to65-New-SEER-13.4/instance-out.sql,0.00,186.00
CZ08/Hsp&0&cDXGF&New&dxAC_equip/NE-dxAC-PkgAC-33to65-New-SEER-15.2/instance-out.sql,0.00,186.00
CZ08/Hsp&0&cDXGF&New&dxAC_equip/NE-dxAC-PkgAC-33to65-New-SEER-16.2/instance-out.sql,0.00,186.00
CZ08/Hsp&0&cDXGF&New&dxAC_equip/NE-dxAC-PkgAC-33to65-New-SEER-17.1/instance-out.sql,0.00,186.00
CZ08/Hsp&0&cDXGF&New&dxAC_equip/NE-dxAC-PkgAC-33to65-New-SEER-18.1/instance-out.sql,0.00,186.00
CZ08/MBT&0&cDXGF&New&dxAC_equip/NE-dxAC-PkgAC-18to33-New-SEER-13.4/instance-out.sql,0.00,21.00
CZ08/MBT&0&cDXGF&New&dxAC_equip/NE-dxAC-PkgAC-18to33-New-SEER-15.2/instance-out.sql,0.00,21.00
CZ08/MBT&0&cDXGF&New&dxAC_equip/NE-dxAC-PkgAC-18to33-New-SEER-16.2/instance-out.sql,0.00,21.00
CZ08/MBT&0&cDXGF&New&dxAC_equip/NE-dxAC-PkgAC-18to33-New-SEER-17.1/instance-out.sql,0.00,21.00
CZ08/MBT&0&cDXGF&New&dxAC_equip/NE-dxAC-PkgAC-18to33-New-SEER-18.1/instance-out.sql,0.00,21.00
CZ08/MBT&0&cDXGF&New&dxAC_equip/NE-dxAC-PkgAC-33to65-New-SEER-13.4/instance-out.sql,0.00,21.00
CZ08/MBT&0&cDXGF&New&dxAC_equip/NE-dxAC-PkgAC-33to65-New-SEER-15.2/instance-out.sql,0.00,21.00
CZ08/MBT&0&cDXGF&New&dxAC_equip/NE-dxAC-PkgAC-33to65-New-SEER-16.2/instance-out.sql,0.00,21.00
CZ08/MBT&0&cDXGF&New&dxAC_equip/NE-dxAC-PkgAC-33to65-New-SEER-17.1/instance-out.sql,0.00,21.00
CZ08/MBT&0&cDXGF&New&dxAC_equip/NE-dxAC-PkgAC-33to65-New-SEER-18.1/instance-out.sql,0.00,21.00
CZ08/MLI&0&cDXGF&New&dxAC_equip/NE-dxAC-PkgAC-18to33-New-SEER-13.4/instance-out.sql,0.00,0.00
CZ08/MLI&0&cDXGF&New&dxAC_equip/NE-dxAC-PkgAC-18to33-New-SEER-15.2/instance-out.sql,0.00,0.00
CZ08/MLI&0&cDXGF&New&dxAC_equip/NE-dxAC-PkgAC-18to33-New-SEER-16.2/instance-out.sql,0.00,0.00
CZ08/MLI&0&cDXGF&New&dxAC_equip/NE-dxAC-PkgAC-18to33-New-SEER-17.1/instance-out.sql,0.00,0.00
CZ08/MLI&0&cDXGF&New&dxAC_equip/NE-dxAC-PkgAC-18to33-New-SEER-18.1/instance-out.sql,0.00,0.00
CZ08/MLI&0&cDXGF&New&dxAC_equip/NE-dxAC-PkgAC-33to65-New-SEER-13.4/instance-out.sql,0.00,0.00
CZ08/MLI&0&cDXGF&New&dxAC_equip/NE-dxAC-PkgAC-33to65-New-SEER-15.2/instance-out.sql,0.00,0.00
CZ08/MLI&0&cDXGF&New&dxAC_equip/NE-dxAC-PkgAC-33to65-New-SEER-16.2/instance-out.sql,0.00,0.00
CZ08/MLI&0&cDXGF&New&dxAC_equip/NE-dxAC-PkgAC-33to65-New-SEER-17.1/instance-out.sql,0.00,0.00
CZ08/MLI&0&cDXGF&New&dxAC_equip/NE-dxAC-PkgAC-33to65-New-SEER-18.1/instance-out.sql,0.00,0.00
CZ08/Mtl&0&cDXGF&New&dxAC_equip/NE-dxAC-PkgAC-18to33-New-SEER-13.4/instance-out.sql,0.00,229.00
CZ08/Mtl&0&cDXGF&New&dxAC_equip/NE-dxAC-PkgAC-18to33-New-SEER-15.2/instance-out.sql,0.00,229.00
CZ08/Mtl&0&cDXGF&New&dxAC_equip/NE-dxAC-PkgAC-18to33-New-SEER-16.2/instance-out.sql,0.00,229.00
CZ08/Mtl&0&cDXGF&New&dxAC_equip/NE-dxAC-PkgAC-18to33-New-SEER-17.1/instance-out.sql,0.00,229.00
CZ08/Mtl&0&cDXGF&New&dxAC_equip/NE-dxAC-PkgAC-18to33-New-SEER-18.1/instance-out.sql,0.00,229.00
CZ08/Mtl&0&cDXGF&New&dxAC_equip/NE-dxAC-PkgAC-33to65-New-SEER-13.4/instance-out.sql,0.00,229.00
CZ08/Mtl&0&cDXGF&New&dxAC_equip/NE-dxAC-PkgAC-33to65-New-SEER-15.2/instance-out.sql,0.00,229.00
CZ08/Mtl&0&cDXGF&New&dxAC_equip/NE-dxAC-PkgAC-33to65-New-SEER-16.2/instance-out.sql,0.00,229.00
CZ08/Mtl&0&cDXGF&New&dxAC_equip/NE-dxAC-PkgAC-33to65-New-SEER-17.1/instance-out.sql,0.00,229.00
CZ08/Mtl&0&cDXGF&New&dxAC_equip/NE-dxAC-PkgAC-33to65-New-SEER-18.1/instance-out.sql,0.00,229.00
CZ08/Nrs&0&cDXGF&New&dxAC_equip/NE-dxAC-PkgAC-18to33-New-SEER-13.4/instance-out.sql,0.00,0.00
CZ08/Nrs&0&cDXGF&New&dxAC_equip/NE-dxAC-PkgAC-18to33-New-SEER-15.2/instance-out.sql,0.00,0.00
CZ08/Nrs&0&cDXGF&New&dxAC_equip/NE-dxAC-PkgAC-18to33-New-SEER-16.2/instance-out.sql,0.00,0.00
CZ08/Nrs&0&cDXGF&New&dxAC_equip/NE-dxAC-PkgAC-18to33-New-SEER-17.1/instance-out.sql,0.00,0.00
CZ08/Nrs&0&cDXGF&New&dxAC_equip/NE-dxAC-PkgAC-18to33-New-SEER-18.1/instance-out.sql,0.00,0.00
CZ08/Nrs&0&cDXGF&New&dxAC_equip/NE-dxAC-PkgAC-33to65-New-SEER-13.4/instance-out.sql,0.00,0.00
CZ08/Nrs&0&cDXGF&New&dxAC_equip/NE-dxAC-PkgAC-33to65-New-SEER-15.2/instance-out.sql,0.00,0.00
CZ08/Nrs&0&cDXGF&New&dxAC_equip/NE-dxAC-PkgAC-33to65-New-SEER-16.2/instance-out.sql,0.00,0.00
CZ08/Nrs&0&cDXGF&New&dxAC_equip/NE-dxAC-PkgAC-33to65-New-SEER-17.1/instance-out.sql,0.00,0.00
CZ08/Nrs&0&cDXGF&New&dxAC_equip/NE-dxAC-PkgAC-33to65-New-SEER-18.1/instance-out.sql,0.00,0.00
CZ08/OfL&0&cDXGF&New&dxAC_equip/NE-dxAC-PkgAC-18to33-New-SEER-13.4/instance-out.sql,0.00,191.00
CZ08/OfL&0&cDXGF&New&dxAC_equip/NE-dxAC-PkgAC-18to33-New-SEER-15.2/instance-out.sql,0.00,191.00
CZ08/OfL&0&cDXGF&New&dxAC_equip/NE-dxAC-PkgAC-18to33-New-SEER-16.2/instance-out.sql,0.00,191.00
CZ08/OfL&0&cDXGF&New&dxAC_equip/NE-dxAC-PkgAC-18to33-New-SEER-17.1/instance-out.sql,0.00,191.00
CZ08/OfL&0&cDXGF&New&dxAC_equip/NE-dxAC-PkgAC-18to33-New-SEER-18.1/instance-out.sql,0.00,191.00
CZ08/OfL&0&cDXGF&New&dxAC_equip/NE-dxAC-PkgAC-33to65-New-SEER-13.4/instance-out.sql,0.00,191.00
CZ08/OfL&0&cDXGF&New&dxAC_equip/NE-dxAC-PkgAC-33to65-New-SEER-15.2/instance-out.sql,0.00,191.00
CZ08/OfL&0&cDXGF&New&dxAC_equip/NE-dxAC-PkgAC-33to65-New-SEER-16.2/instance-out.sql,0.00,191.00
CZ08/OfL&0&cDXGF&New&dxAC_equip/NE-dxAC-PkgAC-33to65-New-SEER-17.1/instance-out.sql,0.00,191.00
CZ08/OfL&0&cDXGF&New&dxAC_equip/NE-dxAC-PkgAC-33to65-New-SEER-18.1/instance-out.sql,0.00,191.00
CZ08/OfS&0&cDXGF&New&dxAC_equip/NE-dxAC-PkgAC-18to33-New-SEER-13.4/instance-out.sql,0.00,103.00
CZ08/OfS&0&cDXGF&New&dxAC_equip/NE-dxAC-PkgAC-18to33-New-SEER-15.2/instance-out.sql,0.00,103.00
CZ08/OfS&0&cDXGF&New&dxAC_equip/NE-dxAC-PkgAC-18to33-New-SEER-16.2/instance-out.sql,0.00,103.00
CZ08/OfS&0&cDXGF&New&dxAC_equip/NE-dxAC-PkgAC-18to33-New-SEER-17.1/instance-out.sql,0.00,103.00
CZ08/OfS&0&cDXGF&New&dxAC_equip/NE-dxAC-PkgAC-18to33-New-SEER-18.1/instance-out.sql,0.00,103.00
CZ08/OfS&0&cDXGF&New&dxAC_equip/NE-dxAC-PkgAC-33to65-New-SEER-13.4/instance-out.sql,0.00,103.00
CZ08/OfS&0&cDXGF&New&dxAC_equip/NE-dxAC-PkgAC-33to65-New-SEER-15.2/instance-out.sql,0.00,103.00
CZ08/OfS&0&cDXGF&New&dxAC_equip/NE-dxAC-PkgAC-33to65-New-SEER-16.2/instance-out.sql,0.00,103.00
CZ08/OfS&0&cDXGF&New&dxAC_equip/NE-dxAC-PkgAC-33to65-New-SEER-17.1/instance-out.sql,0.00,103.00
CZ08/OfS&0&cDXGF&New&dxAC_equip/NE-dxAC-PkgAC-33to65-New-SEER-18.1/instance-out.sql,0.00,103.00
CZ08/RFF&0&cDXGF&New&dxAC_equip/NE-dxAC-PkgAC-18to33-New-SEER-13.4/instance-out.sql,0.00,2.00
CZ08/RFF&0&cDXGF&New&dxAC_equip/NE-dxAC-PkgAC-18to33-New-SEER-15.2/instance-out.sql,0.00,2.00
CZ08/RFF&0&cDXGF&New&dxAC_equip/NE-dxAC-PkgAC-18to33-New-SEER-16.2/instance-out.sql,0.00,2.00
CZ08/RFF&0&cDXGF&New&dxAC_equip/NE-dxAC-PkgAC-18to33-New-SEER-17.1/instance-out.sql,0.00,2.00
CZ08/RFF&0&cDXGF&New&dxAC_equip/NE-dxAC-PkgAC-18to33-New-SEER-18.1/instance-out.sql,0.00,2.00
CZ08/RFF&0&cDXGF&New&dxAC_equip/NE-dxAC-PkgAC-33to65-New-SEER-13.4/instance-out.sql,0.00,0.00
CZ08/RFF&0&cDXGF&New&dxAC_equip/NE-dxAC-PkgAC-33to65-New-SEER-15.2/instance-out.sql,0.00,0.00
CZ08/RFF&0&cDXGF&New&dxAC_equip/NE-dxAC-PkgAC-33to65-New-SEER-16.2/instance-out.sql,0.00,0.00
CZ08/RFF&0&cDXGF&New&dxAC_equip/NE-dxAC-PkgAC-33to65-New-SEER-17.1/instance-out.sql,0.00,0.00
CZ08/RFF&0&cDXGF&New&dxAC_equip/NE-dxAC-PkgAC-33to65-New-SEER-18.1/instance-out.sql,0.00,0.00
CZ08/RSD&0&cDXGF&New&dxAC_equip/NE-dxAC-PkgAC-18to33-New-SEER-13.4/instance-out.sql,0.00,0.00
CZ08/RSD&0&cDXGF&New&dxAC_equip/NE-dxAC-PkgAC-18to33-New-SEER-15.2/instance-out.sql,0.00,0.00
CZ08/RSD&0&cDXGF&New&dxAC_equip/NE-dxAC-PkgAC-18to33-New-SEER-16.2/instance-out.sql,0.00,0.00
CZ08/RSD&0&cDXGF&New&dxAC_equip/NE-dxAC-PkgAC-18to33-New-SEER-17.1/instance-out.sql,0.00,0.00
CZ08/RSD&0&cDXGF&New&dxAC_equip/NE-dxAC-PkgAC-18to33-New-SEER-18.1/instance-out.sql,0.00,0.00
CZ08/RSD&0&cDXGF&New&dxAC_equip/NE-dxAC-PkgAC-33to65-New-SEER-13.4/instance-out.sql,0.00,0.00
CZ08/RSD&0&cDXGF&New&dxAC_equip/NE-dxAC-PkgAC-33to65-New-SEER-15.2/instance-out.sql,0.00,0.00
CZ08/RSD&0&cDXGF&New&dxAC_equip/NE-dxAC-PkgAC-33to65-New-SEER-16.2/instance-out.sql,0.00,0.00
CZ08/RSD&0&cDXGF&New&dxAC_equip/NE-dxAC-PkgAC-33to65-New-SEER-17.1/instance-out.sql,0.00,0.00
CZ08/RSD&0&cDXGF&New&dxAC_equip/NE-dxAC-PkgAC-33to65-New-SEER-18.1/instance-out.sql,0.00,0.00
CZ08/Rt3&0&cDXGF&New&dxAC_equip/NE-dxAC-PkgAC-18to33-New-SEER-13.4/instance-out.sql,0.00,6.00
CZ08/Rt3&0&cDXGF&New&dxAC_equip/NE-dxAC-PkgAC-18to33-New-SEER-15.2/instance-out.sql,0.00,6.00
CZ08/Rt3&0&cDXGF&New&dxAC_equip/NE-dxAC-PkgAC-18to33-New-SEER-16.2/instance-out.sql,0.00,6.00
CZ08/Rt3&0&cDXGF&New&dxAC_equip/NE-dxAC-PkgAC-18to33-New-SEER-17.1/instance-out.sql,0.00,6.00
CZ08/Rt3&0&cDXGF&New&dxAC_equip/NE-dxAC-PkgAC-18to33-New-SEER-18.1/instance-out.sql,0.00,6.00
CZ08/Rt3&0&cDXGF&New&dxAC_equip/NE-dxAC-PkgAC-33to65-New-SEER-13.4/instance-out.sql,0.00,6.00
CZ08/Rt3&0&cDXGF&New&dxAC_equip/NE-dxAC-PkgAC-33to65-New-SEER-15.2/instance-out.sql,0.00,6.00
CZ08/Rt3&0&cDXGF&New&dxAC_equip/NE-dxAC-PkgAC-33to65-New-SEER-16.2/instance-out.sql,0.00,6.00
CZ08/Rt3&0&cDXGF&New&dxAC_equip/NE-dxAC-PkgAC-33to65-New-SEER-17.1/instance-out.sql,0.00,6.00
CZ08/Rt3&0&cDXGF&New&dxAC_equip/NE-dxAC-PkgAC-33to65-New-SEER-18.1/instance-out.sql,0.00,6.00
CZ08/RtL&0&cDXGF&New&dxAC_equip/NE-dxAC-PkgAC-18to33-New-SEER-13.4/instance-out.sql,0.00,0.00
CZ08/RtL&0&cDXGF&New&dxAC_equip/NE-dxAC-PkgAC-18to33-New-SEER-15.2/instance-out.sql,0.00,0.00
CZ08/RtL&0&cDXGF&New&dxAC_equip/NE-dxAC-PkgAC-18to33-New-SEER-16.2/instance-out.sql,0.00,0.00
CZ08/RtL&0&cDXGF&New&dxAC_equip/NE-dxAC-PkgAC-18to33-New-SEER-17.1/instance-out.sql,0.00,0.00
CZ08/RtL&0&cDXGF&New&dxAC_equip/NE-dxAC-PkgAC-18to33-New-SEER-18.1/instance-out.sql,0.00,0.00
CZ08/RtL&0&cDXGF&New&dxAC_equip/NE-dxAC-PkgAC-33to65-New-SEER-13.4/instance-out.sql,0.00,0.00
CZ08/RtL&0&cDXGF&New&dxAC_equip/NE-dxAC-PkgAC-33to65-New-SEER-15.2/instance-out.sql,0.00,0.00
CZ08/RtL&0&cDXGF&New&dxAC_equip/NE-dxAC-PkgAC-33to65-New-SEER-16.2/instance-out.sql,0.00,0.00
CZ08/RtL&0&cDXGF&New&dxAC_equip/NE-dxAC-PkgAC-33to65-New-SEER-17.1/instance-out.sql,0.00,0.00
CZ08/RtL&0&cDXGF&New&dxAC_equip/NE-dxAC-PkgAC-33to65-New-SEER-18.1/instance-out.sql,0.00,0.00
CZ08/RtS&0&cDXGF&New&dxAC_equip/NE-dxAC-PkgAC-18to33-New-SEER-13.4/instance-out.sql,0.00,0.00
CZ08/RtS&0&cDXGF&New&dxAC_equip/NE-dxAC-PkgAC-18to33-New-SEER-15.2/instance-out.sql,0.00,0.00
CZ08/RtS&0&cDXGF&New&dxAC_equip/NE-dxAC-PkgAC-18to33-New-SEER-16.2/instance-out.sql,0.00,0.00
CZ08/RtS&0&cDXGF&New&dxAC_equip/NE-dxAC-PkgAC-18to33-New-SEER-17.1/instance-out.sql,0.00,0.00
CZ08/RtS&0&cDXGF&New&dxAC_equip/NE-dxAC-PkgAC-18to33-New-SEER-18.1/instance-out.sql,0.00,0.00
CZ08/RtS&0&cDXGF&New&dxAC_equip/NE-dxAC-PkgAC-33to65-New-SEER-13.4/instance-out.sql,0.00,0.00
CZ08/RtS&0&cDXGF&New&dxAC_equip/NE-dxAC-PkgAC-33to65-New-SEER-15.2/instance-out.sql,0.00,0.00
CZ08/RtS&0&cDXGF&New&dxAC_equip/NE-dxAC-PkgAC-33to65-New-SEER-16.2/instance-out.sql,0.00,0.00
CZ08/RtS&0&cDXGF&New&dxAC_equip/NE-dxAC-PkgAC-33to65-New-SEER-17.1/instance-out.sql,0.00,0.00
CZ08/RtS&0&cDXGF&New&dxAC_equip/NE-dxAC-PkgAC-33to65-New-SEER-18.1/instance-out.sql,0.00,0.00
CZ08/SCn&0&cDXGF&New&dxAC_equip/NE-dxAC-PkgAC-18to33-New-SEER-13.4/instance-out.sql,0.00,0.00
CZ08/SCn&0&cDXGF&New&dxAC_equip/NE-dxAC-PkgAC-18to33-New-SEER-15.2/instance-out.sql,0.00,0.00
CZ08/SCn&0&cDXGF&New&dxAC_equip/NE-dxAC-PkgAC-18to33-New-SEER-16.2/instance-out.sql,0.00,0.00
CZ08/SCn&0&cDXGF&New&dxAC_equip/NE-dxAC-PkgAC-18to33-New-SEER-17.1/instance-out.sql,0.00,0.00
CZ08/SCn&0&cDXGF&New&dxAC_equip/NE-dxAC-PkgAC-18to33-New-SEER-18.1/instance-out.sql,0.00,0.00
CZ08/SCn&0&cDXGF&New&dxAC_equip/NE-dxAC-PkgAC-33to65-New-SEER-13.4/instance-out.sql,0.00,0.00
CZ08/SCn&0&cDXGF&New&dxAC_equip/NE-dxAC-PkgAC-33to65-New-SEER-15.2/instance-out.sql,0.00,0.00
CZ08/SCn&0&cDXGF&New&dxAC_equip/NE-dxAC-PkgAC-33to65-New-SEER-16.2/instance-out.sql,0.00,0.00
CZ08/SCn&0&cDXGF&New&dxAC_equip/NE-dxAC-PkgAC-33to65-New-SEER-17.1/instance-out.sql,0.00,0.00
CZ08/SCn&0&cDXGF&New&dxAC_equip/NE-dxAC-PkgAC-33to65-New-SEER-18.1/instance-out.sql,0.00,0.00

